path,label,image_score,anchor_score,reconstruction_score,pixel_aggregated_score
data\BraTS2021_slice\test\good\img\00000_96.png,0,0.005859375,0.005859375,0.22465769946575165,2.347383737564087
data\BraTS2021_slice\test\good\img\00000_97.png,0,0.006059410981833935,0.006059410981833935,0.23446254432201385,2.580794334411621
data\BraTS2021_slice\test\good\img\00000_98.png,0,0.0054372698068618774,0.0054372698068618774,0.21623694896697998,2.3122241497039795
data\BraTS2021_slice\test\good\img\00000_99.png,0,0.005003394093364477,0.005003394093364477,0.2123754918575287,2.27329158782959
data\BraTS2021_slice\test\good\img\00011_60.png,0,0.008019564673304558,0.008019564673304558,0.21296538412570953,2.370610237121582
data\BraTS2021_slice\test\good\img\00011_61.png,0,0.008727814070880413,0.008727814070880413,0.21333514153957367,2.3947529792785645
data\BraTS2021_slice\test\good\img\00011_62.png,0,0.009847677312791348,0.009847677312791348,0.21078728139400482,2.349871873855591
data\BraTS2021_slice\test\good\img\00011_63.png,0,0.008041830733418465,0.008041830733418465,0.20361708104610443,2.3030829429626465
data\BraTS2021_slice\test\good\img\00018_60.png,0,0.008141275495290756,0.008141275495290756,0.32753247022628784,3.8847804069519043
data\BraTS2021_slice\test\good\img\00018_61.png,0,0.007673942018300295,0.007673942018300295,0.31974610686302185,3.7590339183807373
data\BraTS2021_slice\test\good\img\00018_62.png,0,0.007708814926445484,0.007708814926445484,0.3076648414134979,3.585829019546509
data\BraTS2021_slice\test\good\img\00018_63.png,0,0.007469266653060913,0.007469266653060913,0.2965947687625885,3.432307004928589
data\BraTS2021_slice\test\good\img\00020_94.png,0,0.007320148404687643,0.007320148404687643,0.24832026660442352,2.8390495777130127
data\BraTS2021_slice\test\good\img\00020_95.png,0,0.006926885340362787,0.006926885340362787,0.24961502850055695,2.9174997806549072
data\BraTS2021_slice\test\good\img\00020_96.png,0,0.005864459089934826,0.005864459089934826,0.2241078019142151,2.6200673580169678
data\BraTS2021_slice\test\good\img\00020_97.png,0,0.006703872233629227,0.006703872233629227,0.20681002736091614,2.3575639724731445
data\BraTS2021_slice\test\good\img\00020_98.png,0,0.008122951723635197,0.008122951723635197,0.19986861944198608,2.268202066421509
data\BraTS2021_slice\test\good\img\00020_99.png,0,0.008075115270912647,0.008075115270912647,0.19469310343265533,2.1920156478881836
data\BraTS2021_slice\test\good\img\00021_96.png,0,0.008683309890329838,0.008683309890329838,0.17553402483463287,1.9084631204605103
data\BraTS2021_slice\test\good\img\00021_97.png,0,0.008614393882453442,0.008614393882453442,0.20821546018123627,2.2995903491973877
data\BraTS2021_slice\test\good\img\00021_98.png,0,0.007892201654613018,0.007892201654613018,0.21541191637516022,2.302623987197876
data\BraTS2021_slice\test\good\img\00021_99.png,0,0.007720404304563999,0.007720404304563999,0.22552262246608734,2.3655147552490234
data\BraTS2021_slice\test\good\img\00026_95.png,0,0.006281582172960043,0.006281582172960043,0.2532220184803009,3.119601249694824
data\BraTS2021_slice\test\good\img\00026_96.png,0,0.005955229979008436,0.005955229979008436,0.23362837731838226,2.828687906265259
data\BraTS2021_slice\test\good\img\00026_97.png,0,0.006677145604044199,0.006677145604044199,0.23070502281188965,2.7407190799713135
data\BraTS2021_slice\test\good\img\00026_98.png,0,0.0078010475262999535,0.0078010475262999535,0.2685084044933319,3.300626039505005
data\BraTS2021_slice\test\good\img\00026_99.png,0,0.00783155020326376,0.00783155020326376,0.2827647030353546,3.4632115364074707
data\BraTS2021_slice\test\good\img\00028_98.png,0,0.006694975309073925,0.006694975309073925,0.20159858465194702,2.3443362712860107
data\BraTS2021_slice\test\good\img\00028_99.png,0,0.00645935395732522,0.00645935395732522,0.1992005705833435,2.318408250808716
data\BraTS2021_slice\test\good\img\00056_97.png,0,0.00547005794942379,0.00547005794942379,0.16244153678417206,1.899347186088562
data\BraTS2021_slice\test\good\img\00056_98.png,0,0.0058082896284759045,0.0058082896284759045,0.16913482546806335,1.9373843669891357
data\BraTS2021_slice\test\good\img\00056_99.png,0,0.00558863440528512,0.00558863440528512,0.17158931493759155,1.9655938148498535
data\BraTS2021_slice\test\good\img\00066_60.png,0,0.007666171062737703,0.007666171062737703,0.2767205536365509,3.2123875617980957
data\BraTS2021_slice\test\good\img\00066_61.png,0,0.006491570267826319,0.006491570267826319,0.23759889602661133,2.693375825881958
data\BraTS2021_slice\test\good\img\00066_62.png,0,0.007138765417039394,0.007138765417039394,0.23897026479244232,2.7276554107666016
data\BraTS2021_slice\test\good\img\00066_63.png,0,0.0078010475262999535,0.0078010475262999535,0.24083828926086426,2.7326114177703857
data\BraTS2021_slice\test\good\img\00066_64.png,0,0.0070632207207381725,0.0070632207207381725,0.24883395433425903,2.877380847930908
data\BraTS2021_slice\test\good\img\00072_96.png,0,0.006672680843621492,0.006672680843621492,0.21529211103916168,2.756708860397339
data\BraTS2021_slice\test\good\img\00072_97.png,0,0.007008154410868883,0.007008154410868883,0.22084617614746094,2.8804118633270264
data\BraTS2021_slice\test\good\img\00072_98.png,0,0.007611551322042942,0.007611551322042942,0.22667451202869415,2.9815220832824707
data\BraTS2021_slice\test\good\img\00072_99.png,0,0.006870726123452187,0.006870726123452187,0.22283318638801575,2.9105584621429443
data\BraTS2021_slice\test\good\img\00078_60.png,0,0.006417694967240095,0.006417694967240095,0.29165753722190857,3.6132237911224365
data\BraTS2021_slice\test\good\img\00078_61.png,0,0.0072875055484473705,0.0072875055484473705,0.2806916832923889,3.4423842430114746
data\BraTS2021_slice\test\good\img\00078_62.png,0,0.007739681284874678,0.007739681284874678,0.27940985560417175,3.4283549785614014
data\BraTS2021_slice\test\good\img\00078_63.png,0,0.0075169941410422325,0.0075169941410422325,0.282105952501297,3.4621999263763428
data\BraTS2021_slice\test\good\img\00078_64.png,0,0.007493168581277132,0.007493168581277132,0.300233393907547,3.73757004737854
data\BraTS2021_slice\test\good\img\00078_65.png,0,0.006909654010087252,0.006909654010087252,0.29898911714553833,3.723264694213867
data\BraTS2021_slice\test\good\img\00085_60.png,0,0.006948363967239857,0.006948363967239857,0.3139185905456543,3.742246627807617
data\BraTS2021_slice\test\good\img\00085_61.png,0,0.006840295623987913,0.006840295623987913,0.3110034167766571,3.673663854598999
data\BraTS2021_slice\test\good\img\00085_62.png,0,0.0075840940698981285,0.0075840940698981285,0.31384605169296265,3.702312707901001
data\BraTS2021_slice\test\good\img\00085_63.png,0,0.008115610107779503,0.008115610107779503,0.3100472092628479,3.6621429920196533
data\BraTS2021_slice\test\good\img\00085_64.png,0,0.007873298600316048,0.007873298600316048,0.31268221139907837,3.679838180541992
data\BraTS2021_slice\test\good\img\00089_60.png,0,0.00732421875,0.00732421875,0.21460874378681183,2.640026330947876
data\BraTS2021_slice\test\good\img\00089_61.png,0,0.007560479920357466,0.007560479920357466,0.21305793523788452,2.652783155441284
data\BraTS2021_slice\test\good\img\00118_62.png,0,0.0056680599227547646,0.0056680599227547646,0.1817472279071808,2.0228703022003174
data\BraTS2021_slice\test\good\img\00118_63.png,0,0.006314705591648817,0.006314705591648817,0.1743970364332199,1.9712632894515991
data\BraTS2021_slice\test\good\img\00118_64.png,0,0.005792876239866018,0.005792876239866018,0.1581849306821823,1.764981746673584
data\BraTS2021_slice\test\good\img\00118_65.png,0,0.006238736677914858,0.006238736677914858,0.15724371373653412,1.7978336811065674
data\BraTS2021_slice\test\good\img\00118_68.png,0,0.007109482306987047,0.007109482306987047,0.15783001482486725,1.784281611442566
data\BraTS2021_slice\test\good\img\00139_95.png,0,0.006770226638764143,0.006770226638764143,0.16331888735294342,1.9622547626495361
data\BraTS2021_slice\test\good\img\00139_96.png,0,0.006195594556629658,0.006195594556629658,0.16788162291049957,2.0413687229156494
data\BraTS2021_slice\test\good\img\00139_97.png,0,0.005813418421894312,0.005813418421894312,0.1805942803621292,2.2227654457092285
data\BraTS2021_slice\test\good\img\00139_98.png,0,0.005985180847346783,0.005985180847346783,0.16738636791706085,2.029839038848877
data\BraTS2021_slice\test\good\img\00139_99.png,0,0.006482381839305162,0.006482381839305162,0.17045088112354279,2.061539888381958
data\BraTS2021_slice\test\good\img\00140_60.png,0,0.006156992167234421,0.006156992167234421,0.18493954837322235,2.2998270988464355
data\BraTS2021_slice\test\good\img\00140_61.png,0,0.006426976062357426,0.006426976062357426,0.16929171979427338,2.059497356414795
data\BraTS2021_slice\test\good\img\00146_60.png,0,0.007437278516590595,0.007437278516590595,0.18884477019309998,2.357696533203125
data\BraTS2021_slice\test\good\img\00146_61.png,0,0.0078010475262999535,0.0078010475262999535,0.20718245208263397,2.6679916381835938
data\BraTS2021_slice\test\good\img\00146_62.png,0,0.007037858944386244,0.007037858944386244,0.1865236908197403,2.3592689037323
data\BraTS2021_slice\test\good\img\00146_63.png,0,0.006765823345631361,0.006765823345631361,0.14774870872497559,1.7445533275604248
data\BraTS2021_slice\test\good\img\00166_60.png,0,0.007238265126943588,0.007238265126943588,0.2012786567211151,2.4272689819335938
data\BraTS2021_slice\test\good\img\00166_61.png,0,0.006730492692440748,0.006730492692440748,0.18180173635482788,2.1901631355285645
data\BraTS2021_slice\test\good\img\00166_62.png,0,0.006587274372577667,0.006587274372577667,0.16959229111671448,2.0448267459869385
data\BraTS2021_slice\test\good\img\00166_63.png,0,0.006694975309073925,0.006694975309073925,0.16266599297523499,1.9877852201461792
data\BraTS2021_slice\test\good\img\00166_64.png,0,0.006267332937568426,0.006267332937568426,0.16133205592632294,1.9896489381790161
data\BraTS2021_slice\test\good\img\00166_65.png,0,0.005777421873062849,0.005777421873062849,0.18001462519168854,2.238133192062378
data\BraTS2021_slice\test\good\img\00186_60.png,0,0.01023062877357006,0.01023062877357006,0.29718559980392456,3.0913026332855225
data\BraTS2021_slice\test\good\img\00186_61.png,0,0.00970439799129963,0.00970439799129963,0.29695647954940796,3.123599052429199
data\BraTS2021_slice\test\good\img\00186_62.png,0,0.009261268191039562,0.009261268191039562,0.2996669411659241,3.1562693119049072
data\BraTS2021_slice\test\good\img\00186_63.png,0,0.009102222509682178,0.009102222509682178,0.2994857132434845,3.1687333583831787
data\BraTS2021_slice\test\good\img\00204_60.png,0,0.010653039440512657,0.010653039440512657,0.24314767122268677,2.491222620010376
data\BraTS2021_slice\test\good\img\00204_61.png,0,0.010664223693311214,0.010664223693311214,0.232084259390831,2.381704330444336
data\BraTS2021_slice\test\good\img\00204_62.png,0,0.009744239039719105,0.009744239039719105,0.20985408127307892,2.1770544052124023
data\BraTS2021_slice\test\good\img\00204_63.png,0,0.011102360673248768,0.011102360673248768,0.20787844061851501,2.193913221359253
data\BraTS2021_slice\test\good\img\00204_64.png,0,0.0107421875,0.0107421875,0.20206201076507568,2.120837450027466
data\BraTS2021_slice\test\good\img\00210_97.png,0,0.005833888426423073,0.005833888426423073,0.16445328295230865,1.9486571550369263
data\BraTS2021_slice\test\good\img\00210_98.png,0,0.006609856616705656,0.006609856616705656,0.16508378088474274,1.912611961364746
data\BraTS2021_slice\test\good\img\00210_99.png,0,0.00825397577136755,0.00825397577136755,0.16339029371738434,1.8784291744232178
data\BraTS2021_slice\test\good\img\00219_60.png,0,0.007465275935828686,0.007465275935828686,0.23432549834251404,2.715449333190918
data\BraTS2021_slice\test\good\img\00219_61.png,0,0.007096895482391119,0.007096895482391119,0.24681414663791656,2.9207112789154053
data\BraTS2021_slice\test\good\img\00219_98.png,0,0.0064731803722679615,0.0064731803722679615,0.1745988130569458,2.0617403984069824
data\BraTS2021_slice\test\good\img\00219_99.png,0,0.006703872233629227,0.006703872233629227,0.16522841155529022,1.943906307220459
data\BraTS2021_slice\test\good\img\00230_60.png,0,0.006632362026721239,0.006632362026721239,0.22015957534313202,2.388847589492798
data\BraTS2021_slice\test\good\img\00230_61.png,0,0.006399093195796013,0.006399093195796013,0.21316677331924438,2.3485004901885986
data\BraTS2021_slice\test\good\img\00230_62.png,0,0.007242381107062101,0.007242381107062101,0.21089951694011688,2.3962271213531494
data\BraTS2021_slice\test\good\img\00231_60.png,0,0.00835089385509491,0.00835089385509491,0.2473435401916504,2.7146105766296387
data\BraTS2021_slice\test\good\img\00231_61.png,0,0.007564420811831951,0.007564420811831951,0.23860614001750946,2.6038529872894287
data\BraTS2021_slice\test\good\img\00231_62.png,0,0.006913966033607721,0.006913966033607721,0.24167706072330475,2.720778703689575
data\BraTS2021_slice\test\good\img\00249_96.png,0,0.00633825920522213,0.00633825920522213,0.12862150371074677,1.5046755075454712
data\BraTS2021_slice\test\good\img\00249_97.png,0,0.006049566436558962,0.006049566436558962,0.13593299686908722,1.572297215461731
data\BraTS2021_slice\test\good\img\00249_98.png,0,0.005741199012845755,0.005741199012845755,0.1373118758201599,1.5636695623397827
data\BraTS2021_slice\test\good\img\00249_99.png,0,0.006600833032280207,0.006600833032280207,0.14902521669864655,1.7089757919311523
data\BraTS2021_slice\test\good\img\00254_95.png,0,0.0062720864079892635,0.0062720864079892635,0.15453480184078217,1.859941840171814
data\BraTS2021_slice\test\good\img\00254_96.png,0,0.0055296639911830425,0.0055296639911830425,0.1510552018880844,1.8314259052276611
data\BraTS2021_slice\test\good\img\00254_97.png,0,0.005258949939161539,0.005258949939161539,0.1542600840330124,1.8660281896591187
data\BraTS2021_slice\test\good\img\00254_98.png,0,0.005247603636234999,0.005247603636234999,0.1614595651626587,1.9463368654251099
data\BraTS2021_slice\test\good\img\00254_99.png,0,0.00592009536921978,0.00592009536921978,0.16048133373260498,1.9139426946640015
data\BraTS2021_slice\test\good\img\00261_98.png,0,0.0057567511685192585,0.0057567511685192585,0.14426970481872559,1.6633013486862183
data\BraTS2021_slice\test\good\img\00261_99.png,0,0.0054372698068618774,0.0054372698068618774,0.1405506134033203,1.6327846050262451
data\BraTS2021_slice\test\good\img\00269_60.png,0,0.009741180576384068,0.009741180576384068,0.33230671286582947,3.0564467906951904
data\BraTS2021_slice\test\good\img\00269_61.png,0,0.009306210093200207,0.009306210093200207,0.29841509461402893,2.7859740257263184
data\BraTS2021_slice\test\good\img\00273_98.png,0,0.006537318229675293,0.006537318229675293,0.2200504094362259,2.5661232471466064
data\BraTS2021_slice\test\good\img\00273_99.png,0,0.006596316583454609,0.006596316583454609,0.2189745157957077,2.513197183609009
data\BraTS2021_slice\test\good\img\00283_60.png,0,0.006505328230559826,0.006505328230559826,0.23855893313884735,2.8981194496154785
data\BraTS2021_slice\test\good\img\00283_61.png,0,0.006909654010087252,0.006909654010087252,0.23292656242847443,2.8012807369232178
data\BraTS2021_slice\test\good\img\00283_62.png,0,0.007295680232346058,0.007295680232346058,0.2234511375427246,2.750169038772583
data\BraTS2021_slice\test\good\img\00283_63.png,0,0.007279322016984224,0.007279322016984224,0.22686292231082916,2.7754709720611572
data\BraTS2021_slice\test\good\img\00283_64.png,0,0.007536791730672121,0.007536791730672121,0.21788904070854187,2.6542890071868896
data\BraTS2021_slice\test\good\img\00291_62.png,0,0.007873298600316048,0.007873298600316048,0.17404679954051971,2.0938942432403564
data\BraTS2021_slice\test\good\img\00291_63.png,0,0.007352646440267563,0.007352646440267563,0.17636747658252716,2.1372973918914795
data\BraTS2021_slice\test\good\img\00291_64.png,0,0.0083151301369071,0.0083151301369071,0.1696137636899948,2.103813648223877
data\BraTS2021_slice\test\good\img\00291_65.png,0,0.007728120777755976,0.007728120777755976,0.1750282347202301,2.1937806606292725
data\BraTS2021_slice\test\good\img\00291_66.png,0,0.006857701111584902,0.006857701111584902,0.18491297960281372,2.3306803703308105
data\BraTS2021_slice\test\good\img\00291_67.png,0,0.006403748411685228,0.006403748411685228,0.1911543756723404,2.403331995010376
data\BraTS2021_slice\test\good\img\00305_60.png,0,0.008347325026988983,0.008347325026988983,0.2430974841117859,2.8671441078186035
data\BraTS2021_slice\test\good\img\00305_61.png,0,0.008130285888910294,0.008130285888910294,0.24622517824172974,2.9642205238342285
data\BraTS2021_slice\test\good\img\00305_62.png,0,0.008235902525484562,0.008235902525484562,0.24370740354061127,2.9821414947509766
data\BraTS2021_slice\test\good\img\00305_63.png,0,0.007785751484334469,0.007785751484334469,0.21944326162338257,2.6543426513671875
data\BraTS2021_slice\test\good\img\00305_64.png,0,0.007054776884615421,0.007054776884615421,0.21463553607463837,2.527693033218384
data\BraTS2021_slice\test\good\img\00314_60.png,0,0.0066503118723630905,0.0066503118723630905,0.18974925577640533,2.1512529850006104
data\BraTS2021_slice\test\good\img\00314_61.png,0,0.008086179383099079,0.008086179383099079,0.1815941482782364,2.0439679622650146
data\BraTS2021_slice\test\good\img\00314_62.png,0,0.00829359795898199,0.00829359795898199,0.18297752737998962,2.1338064670562744
data\BraTS2021_slice\test\good\img\00331_96.png,0,0.006532758008688688,0.006532758008688688,0.18109476566314697,1.8836581707000732
data\BraTS2021_slice\test\good\img\00331_97.png,0,0.006761417258530855,0.006761417258530855,0.1883576363325119,1.9619604349136353
data\BraTS2021_slice\test\good\img\00331_98.png,0,0.0072629270143806934,0.0072629270143806934,0.20170581340789795,2.119640588760376
data\BraTS2021_slice\test\good\img\00331_99.png,0,0.007842957973480225,0.007842957973480225,0.2104068547487259,2.225233793258667
data\BraTS2021_slice\test\good\img\00356_98.png,0,0.005925127305090427,0.005925127305090427,0.17128980159759521,1.9452165365219116
data\BraTS2021_slice\test\good\img\00356_99.png,0,0.005975213833153248,0.005975213833153248,0.17745275795459747,2.048306941986084
data\BraTS2021_slice\test\good\img\00383_60.png,0,0.010145798325538635,0.010145798325538635,0.3037203550338745,2.8265304565429688
data\BraTS2021_slice\test\good\img\00383_61.png,0,0.008045535534620285,0.008045535534620285,0.285611629486084,2.7273285388946533
data\BraTS2021_slice\test\good\img\00383_62.png,0,0.00810458604246378,0.00810458604246378,0.2654649019241333,2.577366590499878
data\BraTS2021_slice\test\good\img\00383_63.png,0,0.008060338906943798,0.008060338906943798,0.2534789443016052,2.4711296558380127
data\BraTS2021_slice\test\good\img\00421_60.png,0,0.007151278667151928,0.007151278667151928,0.22312545776367188,2.6101040840148926
data\BraTS2021_slice\test\good\img\00421_61.png,0,0.007739681284874678,0.007739681284874678,0.2318601757287979,2.7653682231903076
data\BraTS2021_slice\test\good\img\00421_62.png,0,0.007437278516590595,0.007437278516590595,0.21866562962532043,2.625927209854126
data\BraTS2021_slice\test\good\img\00431_60.png,0,0.007234146818518639,0.007234146818518639,0.241222083568573,2.6154558658599854
data\BraTS2021_slice\test\good\img\00431_61.png,0,0.007348592393100262,0.007348592393100262,0.22835738956928253,2.4932734966278076
data\BraTS2021_slice\test\good\img\00431_62.png,0,0.007603716570883989,0.007603716570883989,0.2256886065006256,2.459083080291748
data\BraTS2021_slice\test\good\img\00431_63.png,0,0.006814104504883289,0.006814104504883289,0.22447332739830017,2.4866082668304443
data\BraTS2021_slice\test\good\img\00431_64.png,0,0.0072176493704319,0.0072176493704319,0.22052863240242004,2.4512927532196045
data\BraTS2021_slice\test\good\img\00453_60.png,0,0.007926114834845066,0.007926114834845066,0.21075190603733063,2.435107707977295
data\BraTS2021_slice\test\good\img\00453_61.png,0,0.007873298600316048,0.007873298600316048,0.1875869184732437,2.168156862258911
data\BraTS2021_slice\test\good\img\00453_62.png,0,0.0078086843714118,0.0078086843714118,0.20905490219593048,2.404759407043457
data\BraTS2021_slice\test\good\img\00453_63.png,0,0.006399093195796013,0.006399093195796013,0.16854506731033325,1.9221768379211426
data\BraTS2021_slice\test\good\img\00453_64.png,0,0.006569152232259512,0.006569152232259512,0.15432985126972198,1.7375178337097168
data\BraTS2021_slice\test\good\img\00453_65.png,0,0.005995131563395262,0.005995131563395262,0.1429867148399353,1.6139709949493408
data\BraTS2021_slice\test\good\img\00457_94.png,0,0.006609856616705656,0.006609856616705656,0.12205975502729416,1.3772109746932983
data\BraTS2021_slice\test\good\img\00457_95.png,0,0.005915059242397547,0.005915059242397547,0.112376369535923,1.2829906940460205
data\BraTS2021_slice\test\good\img\00457_96.png,0,0.006385105662047863,0.006385105662047863,0.1134403720498085,1.2909183502197266
data\BraTS2021_slice\test\good\img\00457_97.png,0,0.006300531327724457,0.006300531327724457,0.11185664683580399,1.2964682579040527
data\BraTS2021_slice\test\good\img\00457_98.png,0,0.006224389187991619,0.006224389187991619,0.11171648651361465,1.3053748607635498
data\BraTS2021_slice\test\good\img\00457_99.png,0,0.00640840083360672,0.00640840083360672,0.1172705665230751,1.366422176361084
data\BraTS2021_slice\test\good\img\00478_60.png,0,0.006195594556629658,0.006195594556629658,0.2954074740409851,3.629204034805298
data\BraTS2021_slice\test\good\img\00478_61.png,0,0.006088849622756243,0.006088849622756243,0.2826867699623108,3.3927958011627197
data\BraTS2021_slice\test\good\img\00478_62.png,0,0.006098630838096142,0.006098630838096142,0.29157236218452454,3.589909553527832
data\BraTS2021_slice\test\good\img\00478_63.png,0,0.0071136727929115295,0.0071136727929115295,0.28117939829826355,3.3811070919036865
data\BraTS2021_slice\test\good\img\00478_64.png,0,0.0061618308536708355,0.0061618308536708355,0.2672865688800812,3.1836111545562744
data\BraTS2021_slice\test\good\img\00485_94.png,0,0.005889813415706158,0.005889813415706158,0.22730612754821777,2.606818437576294
data\BraTS2021_slice\test\good\img\00485_95.png,0,0.00640840083360672,0.00640840083360672,0.229447603225708,2.6391992568969727
data\BraTS2021_slice\test\good\img\00485_96.png,0,0.0058082896284759045,0.0058082896284759045,0.2239292562007904,2.5675785541534424
data\BraTS2021_slice\test\good\img\00485_97.png,0,0.006342959590256214,0.006342959590256214,0.24848443269729614,2.946589469909668
data\BraTS2021_slice\test\good\img\00485_98.png,0,0.0070124054327607155,0.0070124054327607155,0.23989547789096832,2.831469774246216
data\BraTS2021_slice\test\good\img\00485_99.png,0,0.006792201194912195,0.006792201194912195,0.20667274296283722,2.394033670425415
data\BraTS2021_slice\test\good\img\00488_60.png,0,0.006482381839305162,0.006482381839305162,0.26394033432006836,2.8533847332000732
data\BraTS2021_slice\test\good\img\00488_61.png,0,0.007117861416190863,0.007117861416190863,0.2592608332633972,2.9263386726379395
data\BraTS2021_slice\test\good\img\00488_62.png,0,0.007188687566667795,0.007188687566667795,0.30361735820770264,3.6929373741149902
data\BraTS2021_slice\test\good\img\00488_63.png,0,0.00743327010422945,0.00743327010422945,0.26613157987594604,3.222153902053833
data\BraTS2021_slice\test\good\img\00488_64.png,0,0.00855886097997427,0.00855886097997427,0.26205042004585266,3.1020255088806152
data\BraTS2021_slice\test\good\img\00491_60.png,0,0.0072915940545499325,0.0072915940545499325,0.33416110277175903,4.084340572357178
data\BraTS2021_slice\test\good\img\00491_61.png,0,0.008155904710292816,0.008155904710292816,0.3607047200202942,4.475728511810303
data\BraTS2021_slice\test\good\img\00491_62.png,0,0.0076583921909332275,0.0076583921909332275,0.36761191487312317,4.50680685043335
data\BraTS2021_slice\test\good\img\00495_60.png,0,0.007967367768287659,0.007967367768287659,0.27012041211128235,3.2356812953948975
data\BraTS2021_slice\test\good\img\00495_61.png,0,0.00783155020326376,0.00783155020326376,0.309118390083313,3.7644331455230713
data\BraTS2021_slice\test\good\img\00495_62.png,0,0.007258822675794363,0.007258822675794363,0.2811262905597687,3.3920400142669678
data\BraTS2021_slice\test\good\img\00495_63.png,0,0.0075169941410422325,0.0075169941410422325,0.2625027894973755,3.1370725631713867
data\BraTS2021_slice\test\good\img\00495_64.png,0,0.007564420811831951,0.007564420811831951,0.3019341826438904,3.5891528129577637
data\BraTS2021_slice\test\good\img\00495_65.png,0,0.008093547075986862,0.008093547075986862,0.3455869257450104,4.177023887634277
data\BraTS2021_slice\test\good\img\00500_60.png,0,0.006818476598709822,0.006818476598709822,0.2816445231437683,3.082826852798462
data\BraTS2021_slice\test\good\img\00500_61.png,0,0.006181146949529648,0.006181146949529648,0.2756979167461395,3.0444939136505127
data\BraTS2021_slice\test\good\img\00516_60.png,0,0.007989779114723206,0.007989779114723206,0.2684784531593323,3.131441354751587
data\BraTS2021_slice\test\good\img\00516_61.png,0,0.007720404304563999,0.007720404304563999,0.2632176876068115,3.1109278202056885
data\BraTS2021_slice\test\good\img\00516_62.png,0,0.00828281044960022,0.00828281044960022,0.2617301940917969,3.1803596019744873
data\BraTS2021_slice\test\good\img\00516_63.png,0,0.007638909853994846,0.007638909853994846,0.2800385057926178,3.4653236865997314
data\BraTS2021_slice\test\good\img\00524_96.png,0,0.008957000449299812,0.008957000449299812,0.277754545211792,2.8760433197021484
data\BraTS2021_slice\test\good\img\00524_97.png,0,0.008450228720903397,0.008450228720903397,0.28814348578453064,2.881946563720703
data\BraTS2021_slice\test\good\img\00524_98.png,0,0.008778884075582027,0.008778884075582027,0.3162284195423126,3.140859365463257
data\BraTS2021_slice\test\good\img\00524_99.png,0,0.009486991912126541,0.009486991912126541,0.34017613530158997,3.285569906234741
data\BraTS2021_slice\test\good\img\00537_60.png,0,0.008679877035319805,0.008679877035319805,0.297825425863266,3.5069355964660645
data\BraTS2021_slice\test\good\img\00537_61.png,0,0.007520957849919796,0.007520957849919796,0.2935202717781067,3.621225357055664
data\BraTS2021_slice\test\good\img\00537_62.png,0,0.007497144863009453,0.007497144863009453,0.2980978190898895,3.691863775253296
data\BraTS2021_slice\test\good\img\00537_63.png,0,0.0067083160392940044,0.0067083160392940044,0.31208205223083496,3.8260011672973633
data\BraTS2021_slice\test\good\img\00537_64.png,0,0.006668212823569775,0.006668212823569775,0.31924840807914734,3.923163890838623
data\BraTS2021_slice\test\good\img\00537_65.png,0,0.007238265126943588,0.007238265126943588,0.3294100761413574,4.140420436859131
data\BraTS2021_slice\test\good\img\00542_95.png,0,0.0058082896284759045,0.0058082896284759045,0.23599322140216827,2.820591688156128
data\BraTS2021_slice\test\good\img\00542_96.png,0,0.006463965866714716,0.006463965866714716,0.23442131280899048,2.78299617767334
data\BraTS2021_slice\test\good\img\00542_97.png,0,0.006137600168585777,0.006137600168585777,0.2481055110692978,2.932349443435669
data\BraTS2021_slice\test\good\img\00542_98.png,0,0.006690522190183401,0.006690522190183401,0.25020891427993774,2.989518404006958
data\BraTS2021_slice\test\good\img\00542_99.png,0,0.006054490804672241,0.006054490804672241,0.22247210144996643,2.645878553390503
data\BraTS2021_slice\test\good\img\00554_96.png,0,0.006093742325901985,0.006093742325901985,0.21303017437458038,2.4409546852111816
data\BraTS2021_slice\test\good\img\00554_97.png,0,0.007058999966830015,0.007058999966830015,0.199197456240654,2.224867105484009
data\BraTS2021_slice\test\good\img\00554_98.png,0,0.007037858944386244,0.007037858944386244,0.1965828388929367,2.1348090171813965
data\BraTS2021_slice\test\good\img\00554_99.png,0,0.006779025308787823,0.006779025308787823,0.19393448531627655,2.1097605228424072
data\BraTS2021_slice\test\good\img\00556_60.png,0,0.005854286719113588,0.005854286719113588,0.22692784667015076,2.7563512325286865
data\BraTS2021_slice\test\good\img\00556_61.png,0,0.006870726123452187,0.006870726123452187,0.23486948013305664,2.931612253189087
data\BraTS2021_slice\test\good\img\00556_62.png,0,0.00751302856951952,0.00751302856951952,0.23331448435783386,2.8862550258636475
data\BraTS2021_slice\test\good\img\00556_63.png,0,0.007708814926445484,0.007708814926445484,0.22702822089195251,2.797517776489258
data\BraTS2021_slice\test\good\img\00570_60.png,0,0.02704787254333496,0.02704787254333496,0.6410704851150513,4.698676586151123
data\BraTS2021_slice\test\good\img\00570_61.png,0,0.020893644541502,0.020893644541502,0.6035559177398682,4.237045764923096
data\BraTS2021_slice\test\good\img\00570_62.png,0,0.021566063165664673,0.021566063165664673,0.5764958262443542,4.258258819580078
data\BraTS2021_slice\test\good\img\00570_63.png,0,0.019388824701309204,0.019388824701309204,0.5477058291435242,3.9849047660827637
data\BraTS2021_slice\test\good\img\00570_64.png,0,0.016680361703038216,0.016680361703038216,0.505267858505249,3.804086685180664
data\BraTS2021_slice\test\good\img\00570_65.png,0,0.015232888050377369,0.015232888050377369,0.48072460293769836,3.5624282360076904
data\BraTS2021_slice\test\good\img\00578_60.png,0,0.016949759796261787,0.016949759796261787,0.426676869392395,4.457808017730713
data\BraTS2021_slice\test\good\img\00578_61.png,0,0.016185253858566284,0.016185253858566284,0.3903729021549225,4.1648759841918945
data\BraTS2021_slice\test\good\img\00578_62.png,0,0.014691099524497986,0.014691099524497986,0.37042495608329773,4.080633163452148
data\BraTS2021_slice\test\good\img\00580_98.png,0,0.00915120355784893,0.00915120355784893,0.13387799263000488,1.7331516742706299
data\BraTS2021_slice\test\good\img\00580_99.png,0,0.008617852814495564,0.008617852814495564,0.13739849627017975,1.7812182903289795
data\BraTS2021_slice\test\good\img\00593_60.png,0,0.0061618308536708355,0.0061618308536708355,0.1255805790424347,1.4616472721099854
data\BraTS2021_slice\test\good\img\00593_61.png,0,0.006739342585206032,0.006739342585206032,0.1421070098876953,1.7577100992202759
data\BraTS2021_slice\test\good\img\00594_60.png,0,0.007666171062737703,0.007666171062737703,0.2041313350200653,2.461432695388794
data\BraTS2021_slice\test\good\img\00594_61.png,0,0.006879395805299282,0.006879395805299282,0.22544243931770325,2.6878559589385986
data\BraTS2021_slice\test\good\img\00594_62.png,0,0.00732421875,0.00732421875,0.2409549504518509,2.904047966003418
data\BraTS2021_slice\test\good\img\00594_63.png,0,0.007096895482391119,0.007096895482391119,0.2506348490715027,2.9846279621124268
data\BraTS2021_slice\test\good\img\00596_64.png,0,0.00626257574185729,0.00626257574185729,0.15328025817871094,1.8498729467391968
data\BraTS2021_slice\test\good\img\00596_65.png,0,0.00633825920522213,0.00633825920522213,0.15145587921142578,1.7762787342071533
data\BraTS2021_slice\test\good\img\00596_66.png,0,0.006573687307536602,0.006573687307536602,0.14970359206199646,1.7396049499511719
data\BraTS2021_slice\test\good\img\00596_67.png,0,0.0067083160392940044,0.0067083160392940044,0.16725009679794312,2.025214910507202
data\BraTS2021_slice\test\good\img\00596_68.png,0,0.007067438680678606,0.007067438680678606,0.15930956602096558,1.8368215560913086
data\BraTS2021_slice\test\good\img\00598_96.png,0,0.007126230280846357,0.007126230280846357,0.12047295272350311,1.560528039932251
data\BraTS2021_slice\test\good\img\00598_97.png,0,0.006752596236765385,0.006752596236765385,0.10664747655391693,1.3480174541473389
data\BraTS2021_slice\test\good\img\00598_98.png,0,0.006137600168585777,0.006137600168585777,0.12391562759876251,1.6010557413101196
data\BraTS2021_slice\test\good\img\00598_99.png,0,0.0062004029750823975,0.0062004029750823975,0.10930585116147995,1.3571254014968872
data\BraTS2021_slice\test\good\img\00612_98.png,0,0.00794864259660244,0.00794864259660244,0.269357830286026,2.718892812728882
data\BraTS2021_slice\test\good\img\00612_99.png,0,0.007685584016144276,0.007685584016144276,0.2599802017211914,2.6165807247161865
data\BraTS2021_slice\test\good\img\00618_94.png,0,0.007250606548041105,0.007250606548041105,0.17636995017528534,2.0424673557281494
data\BraTS2021_slice\test\good\img\00618_95.png,0,0.006519057787954807,0.006519057787954807,0.17497830092906952,2.0155444145202637
data\BraTS2021_slice\test\good\img\00618_96.png,0,0.006752596236765385,0.006752596236765385,0.17018747329711914,1.96235191822052
data\BraTS2021_slice\test\good\img\00618_97.png,0,0.006853353697806597,0.006853353697806597,0.16653206944465637,1.9127241373062134
data\BraTS2021_slice\test\good\img\00618_98.png,0,0.006831576582044363,0.006831576582044363,0.17027072608470917,1.9603034257888794
data\BraTS2021_slice\test\good\img\00618_99.png,0,0.006677145604044199,0.006677145604044199,0.15741290152072906,1.8282490968704224
data\BraTS2021_slice\test\good\img\00621_96.png,0,0.008329453878104687,0.008329453878104687,0.26435866951942444,3.3475096225738525
data\BraTS2021_slice\test\good\img\00621_97.png,0,0.00786193460226059,0.00786193460226059,0.24667616188526154,3.190342903137207
data\BraTS2021_slice\test\good\img\00621_98.png,0,0.007673942018300295,0.007673942018300295,0.2379268854856491,3.0960335731506348
data\BraTS2021_slice\test\good\img\00621_99.png,0,0.008078805170953274,0.008078805170953274,0.2235976755619049,2.894623279571533
data\BraTS2021_slice\test\good\img\00624_60.png,0,0.008052940480411053,0.008052940480411053,0.27626127004623413,2.956721067428589
data\BraTS2021_slice\test\good\img\00624_61.png,0,0.00794864259660244,0.00794864259660244,0.2535003125667572,2.6812455654144287
data\BraTS2021_slice\test\good\img\00624_62.png,0,0.007989779114723206,0.007989779114723206,0.24331001937389374,2.5617361068725586
data\BraTS2021_slice\test\good\img\00624_63.png,0,0.00732421875,0.00732421875,0.234412282705307,2.4397363662719727
data\BraTS2021_slice\test\good\img\00624_64.png,0,0.006614363752305508,0.006614363752305508,0.22516009211540222,2.3223378658294678
data\BraTS2021_slice\test\good\img\00628_60.png,0,0.00825758557766676,0.00825758557766676,0.26967859268188477,3.1306865215301514
data\BraTS2021_slice\test\good\img\00628_61.png,0,0.008297190070152283,0.008297190070152283,0.266099214553833,3.0860354900360107
data\BraTS2021_slice\test\good\img\00628_62.png,0,0.009490132331848145,0.009490132331848145,0.27221792936325073,3.1417951583862305
data\BraTS2021_slice\test\good\img\00642_60.png,0,0.008471363224089146,0.008471363224089146,0.2645971179008484,2.9243104457855225
data\BraTS2021_slice\test\good\img\00642_61.png,0,0.008755088783800602,0.008755088783800602,0.2570641040802002,2.9050076007843018
data\BraTS2021_slice\test\good\img\00642_62.png,0,0.008755088783800602,0.008755088783800602,0.2509376108646393,2.876801013946533
data\BraTS2021_slice\test\good\img\00642_63.png,0,0.007755068596452475,0.007755068596452475,0.24170000851154327,2.7970011234283447
data\BraTS2021_slice\test\good\img\00642_64.png,0,0.006541875656694174,0.006541875656694174,0.2315869778394699,2.739246368408203
data\BraTS2021_slice\test\good\img\00642_65.png,0,0.006694975309073925,0.006694975309073925,0.21396325528621674,2.5414185523986816
data\BraTS2021_slice\test\good\img\00646_60.png,0,0.007743530906736851,0.007743530906736851,0.3694687783718109,4.62637996673584
data\BraTS2021_slice\test\good\img\00646_61.png,0,0.008464324288070202,0.008464324288070202,0.3681880533695221,4.676797866821289
data\BraTS2021_slice\test\good\img\00649_60.png,0,0.007892201654613018,0.007892201654613018,0.2988588809967041,3.3336403369903564
data\BraTS2021_slice\test\good\img\00649_61.png,0,0.00786193460226059,0.00786193460226059,0.3218185603618622,3.5233514308929443
data\BraTS2021_slice\test\good\img\00649_62.png,0,0.0078048668801784515,0.0078048668801784515,0.30687010288238525,3.4498062133789062
data\BraTS2021_slice\test\good\img\00649_63.png,0,0.007580163422971964,0.007580163422971964,0.3193207085132599,3.6747329235076904
data\BraTS2021_slice\test\good\img\00649_64.png,0,0.008268405683338642,0.008268405683338642,0.32508784532546997,3.6937508583068848
data\BraTS2021_slice\test\good\img\00649_65.png,0,0.009254829958081245,0.009254829958081245,0.3120863735675812,3.514116048812866
data\BraTS2021_slice\test\good\img\00652_94.png,0,0.007926114834845066,0.007926114834845066,0.23510855436325073,2.750657320022583
data\BraTS2021_slice\test\good\img\00652_95.png,0,0.007421232294291258,0.007421232294291258,0.2310468703508377,2.6926019191741943
data\BraTS2021_slice\test\good\img\00652_96.png,0,0.0076933354139328,0.0076933354139328,0.22906585037708282,2.6700527667999268
data\BraTS2021_slice\test\good\img\00652_97.png,0,0.0070420922711491585,0.0070420922711491585,0.21885782480239868,2.4550275802612305
data\BraTS2021_slice\test\good\img\00652_98.png,0,0.007493168581277132,0.007493168581277132,0.22551816701889038,2.482820749282837
data\BraTS2021_slice\test\good\img\00652_99.png,0,0.007401125971227884,0.007401125971227884,0.2233763337135315,2.434582233428955
data\BraTS2021_slice\test\good\img\00656_83.png,0,0.007461282424628735,0.007461282424628735,0.31423622369766235,3.6224448680877686
data\BraTS2021_slice\test\good\img\00656_84.png,0,0.006883726455271244,0.006883726455271244,0.3321249485015869,3.8406624794006348
data\BraTS2021_slice\test\good\img\00656_85.png,0,0.007234146818518639,0.007234146818518639,0.36249855160713196,4.225701808929443
data\BraTS2021_slice\test\good\img\00656_88.png,0,0.007188687566667795,0.007188687566667795,0.27152982354164124,3.1921699047088623
data\BraTS2021_slice\test\good\img\00682_60.png,0,0.0065099080093204975,0.0065099080093204975,0.23234790563583374,2.99035382270813
data\BraTS2021_slice\test\good\img\00682_61.png,0,0.007105289027094841,0.007105289027094841,0.23377972841262817,2.9248054027557373
data\BraTS2021_slice\test\good\img\00682_62.png,0,0.00630525965243578,0.00630525965243578,0.24449318647384644,3.119910717010498
data\BraTS2021_slice\test\good\img\00694_60.png,0,0.008034415543079376,0.008034415543079376,0.30630961060523987,3.0382626056671143
data\BraTS2021_slice\test\good\img\00694_61.png,0,0.0078010475262999535,0.0078010475262999535,0.32105690240859985,3.23225998878479
data\BraTS2021_slice\test\good\img\00723_95.png,0,0.007376926019787788,0.007376926019787788,0.2519168555736542,2.8222365379333496
data\BraTS2021_slice\test\good\img\00723_96.png,0,0.006805351469665766,0.006805351469665766,0.2317427545785904,2.595428228378296
data\BraTS2021_slice\test\good\img\00723_97.png,0,0.006564613897353411,0.006564613897353411,0.22522488236427307,2.5410549640655518
data\BraTS2021_slice\test\good\img\00723_98.png,0,0.006668212823569775,0.006668212823569775,0.22038523852825165,2.5217294692993164
data\BraTS2021_slice\test\good\img\00723_99.png,0,0.005689052864909172,0.005689052864909172,0.2198500782251358,2.5058703422546387
data\BraTS2021_slice\test\good\img\00728_95.png,0,0.007230025716125965,0.007230025716125965,0.20053529739379883,2.35711407661438
data\BraTS2021_slice\test\good\img\00728_96.png,0,0.007580163422971964,0.007580163422971964,0.17962905764579773,2.0205321311950684
data\BraTS2021_slice\test\good\img\00728_97.png,0,0.00699538504704833,0.00699538504704833,0.1782093346118927,1.9804593324661255
data\BraTS2021_slice\test\good\img\00728_98.png,0,0.007823935709893703,0.007823935709893703,0.18350404500961304,2.121800184249878
data\BraTS2021_slice\test\good\img\00728_99.png,0,0.0069740512408316135,0.0069740512408316135,0.17799140512943268,2.0063202381134033
data\BraTS2021_slice\test\good\img\00750_60.png,0,0.008019564673304558,0.008019564673304558,0.2909407913684845,3.433445930480957
data\BraTS2021_slice\test\good\img\00750_61.png,0,0.007823935709893703,0.007823935709893703,0.2646060883998871,3.1068289279937744
data\BraTS2021_slice\test\good\img\00750_62.png,0,0.009016691707074642,0.009016691707074642,0.24802646040916443,2.8928236961364746
data\BraTS2021_slice\test\good\img\00750_63.png,0,0.008436109870672226,0.008436109870672226,0.24927353858947754,3.027428150177002
data\BraTS2021_slice\test\good\img\00750_64.png,0,0.008604008704423904,0.008604008704423904,0.28618162870407104,3.5132668018341064
data\BraTS2021_slice\test\good\img\00768_60.png,0,0.007147110067307949,0.007147110067307949,0.31149137020111084,3.636486291885376
data\BraTS2021_slice\test\good\img\00768_61.png,0,0.007138765417039394,0.007138765417039394,0.2829135060310364,3.331895112991333
data\BraTS2021_slice\test\good\img\00777_60.png,0,0.008318712934851646,0.008318712934851646,0.3014114499092102,3.131762742996216
data\BraTS2021_slice\test\good\img\00777_61.png,0,0.007316076196730137,0.007316076196730137,0.2911905348300934,2.961688995361328
data\BraTS2021_slice\test\good\img\00777_62.png,0,0.006564613897353411,0.006564613897353411,0.28030914068222046,2.881646156311035
data\BraTS2021_slice\test\good\img\00777_63.png,0,0.0061618308536708355,0.0061618308536708355,0.2693212926387787,2.801182508468628
data\BraTS2021_slice\test\good\img\00777_64.png,0,0.006300531327724457,0.006300531327724457,0.2698451280593872,2.810185432434082
data\BraTS2021_slice\test\good\img\00796_60.png,0,0.006792201194912195,0.006792201194912195,0.19241002202033997,2.2774393558502197
data\BraTS2021_slice\test\good\img\00796_61.png,0,0.00632884819060564,0.00632884819060564,0.1824640929698944,2.138117551803589
data\BraTS2021_slice\test\good\img\00796_62.png,0,0.006779025308787823,0.006779025308787823,0.18922458589076996,2.2430408000946045
data\BraTS2021_slice\test\good\img\00799_60.png,0,0.009095671586692333,0.009095671586692333,0.2683311700820923,2.8247830867767334
data\BraTS2021_slice\test\good\img\00799_61.png,0,0.008631674572825432,0.008631674572825432,0.2448308914899826,2.6178483963012695
data\BraTS2021_slice\test\good\img\00805_60.png,0,0.0065007456578314304,0.0065007456578314304,0.1642937958240509,2.1022937297821045
data\BraTS2021_slice\test\good\img\00805_61.png,0,0.006814104504883289,0.006814104504883289,0.16280075907707214,2.0782134532928467
data\BraTS2021_slice\test\good\img\00805_62.png,0,0.0062339575961232185,0.0062339575961232185,0.1643824428319931,2.092508554458618
data\BraTS2021_slice\test\good\img\00805_63.png,0,0.007020900491625071,0.007020900491625071,0.16456647217273712,2.092758893966675
data\BraTS2021_slice\test\good\img\00805_64.png,0,0.006098630838096142,0.006098630838096142,0.17187824845314026,2.172882080078125
data\BraTS2021_slice\test\good\img\00806_60.png,0,0.0069311861880123615,0.0069311861880123615,0.19702211022377014,2.3700778484344482
data\BraTS2021_slice\test\good\img\00806_61.png,0,0.007234146818518639,0.007234146818518639,0.2045370191335678,2.5025928020477295
data\BraTS2021_slice\test\good\img\00806_62.png,0,0.006866387091577053,0.006866387091577053,0.21473677456378937,2.6950488090515137
data\BraTS2021_slice\test\good\img\00806_63.png,0,0.0075169941410422325,0.0075169941410422325,0.2348290979862213,2.961684226989746
data\BraTS2021_slice\test\good\img\00806_64.png,0,0.007092694751918316,0.007092694751918316,0.18426567316055298,2.3237879276275635
data\BraTS2021_slice\test\good\img\00831_60.png,0,0.010455377399921417,0.010455377399921417,0.1854695975780487,1.9899801015853882
data\BraTS2021_slice\test\good\img\00831_61.png,0,0.011490182019770145,0.011490182019770145,0.18439722061157227,1.97714102268219
data\BraTS2021_slice\test\good\img\00839_97.png,0,0.005604609381407499,0.005604609381407499,0.1550251543521881,1.6593618392944336
data\BraTS2021_slice\test\good\img\00839_98.png,0,0.005777421873062849,0.005777421873062849,0.16056029498577118,1.7114251852035522
data\BraTS2021_slice\test\good\img\00839_99.png,0,0.006054490804672241,0.006054490804672241,0.16788925230503082,1.8242266178131104
data\BraTS2021_slice\test\good\img\01008_60.png,0,0.006677145604044199,0.006677145604044199,0.21301312744617462,2.266427993774414
data\BraTS2021_slice\test\good\img\01008_61.png,0,0.006205207668244839,0.006205207668244839,0.20592260360717773,2.175455331802368
data\BraTS2021_slice\test\good\img\01011_60.png,0,0.0075407447293400764,0.0075407447293400764,0.18008120357990265,2.147796154022217
data\BraTS2021_slice\test\good\img\01011_61.png,0,0.006636854261159897,0.006636854261159897,0.17476512491703033,2.1202778816223145
data\BraTS2021_slice\test\good\img\01011_62.png,0,0.0069697764702141285,0.0069697764702141285,0.18245692551136017,2.283860206604004
data\BraTS2021_slice\test\good\img\01014_96.png,0,0.005970224272459745,0.005970224272459745,0.12522944808006287,1.5414741039276123
data\BraTS2021_slice\test\good\img\01014_97.png,0,0.005508063361048698,0.005508063361048698,0.14897631108760834,1.8225260972976685
data\BraTS2021_slice\test\good\img\01014_98.png,0,0.005376639310270548,0.005376639310270548,0.15047986805438995,1.8314846754074097
data\BraTS2021_slice\test\good\img\01014_99.png,0,0.005970224272459745,0.005970224272459745,0.147068589925766,1.7974764108657837
data\BraTS2021_slice\test\good\img\01020_96.png,0,0.005480943247675896,0.005480943247675896,0.11752326041460037,1.396704077720642
data\BraTS2021_slice\test\good\img\01020_97.png,0,0.006019935477524996,0.006019935477524996,0.12028758972883224,1.4177500009536743
data\BraTS2021_slice\test\good\img\01020_98.png,0,0.005777421873062849,0.005777421873062849,0.12209278345108032,1.4518165588378906
data\BraTS2021_slice\test\good\img\01020_99.png,0,0.005497231613844633,0.005497231613844633,0.12391330301761627,1.4749253988265991
data\BraTS2021_slice\test\good\img\01023_60.png,0,0.007320148404687643,0.007320148404687643,0.21329998970031738,2.27304744720459
data\BraTS2021_slice\test\good\img\01023_61.png,0,0.006918275263160467,0.006918275263160467,0.20649801194667816,2.190464735031128
data\BraTS2021_slice\test\good\img\01023_62.png,0,0.007880865596234798,0.007880865596234798,0.19962497055530548,2.1622140407562256
data\BraTS2021_slice\test\good\img\01023_63.png,0,0.007067438680678606,0.007067438680678606,0.19152289628982544,2.152980327606201
data\BraTS2021_slice\test\good\img\01027_60.png,0,0.007607635110616684,0.007607635110616684,0.20960798859596252,2.420902967453003
data\BraTS2021_slice\test\good\img\01027_61.png,0,0.006147304084151983,0.006147304084151983,0.19115608930587769,2.2176942825317383
data\BraTS2021_slice\test\good\img\01027_62.png,0,0.0063897715881466866,0.0063897715881466866,0.18178318440914154,2.1091456413269043
data\BraTS2021_slice\test\good\img\01027_63.png,0,0.006939780432730913,0.006939780432730913,0.18450985848903656,2.128535509109497
data\BraTS2021_slice\test\good\img\01027_64.png,0,0.007159608416259289,0.007159608416259289,0.18965193629264832,2.1779208183288574
data\BraTS2021_slice\test\good\img\01027_65.png,0,0.0071679288521409035,0.0071679288521409035,0.1912507861852646,2.199608564376831
data\BraTS2021_slice\test\good\img\01028_94.png,0,0.006413049530237913,0.006413049530237913,0.19074514508247375,2.138935089111328
data\BraTS2021_slice\test\good\img\01028_95.png,0,0.006142453756183386,0.006142453756183386,0.185471773147583,2.074838399887085
data\BraTS2021_slice\test\good\img\01028_96.png,0,0.0054317861795425415,0.0054317861795425415,0.18075497448444366,2.0320804119110107
data\BraTS2021_slice\test\good\img\01028_97.png,0,0.00626257574185729,0.00626257574185729,0.16875392198562622,1.8943371772766113
data\BraTS2021_slice\test\good\img\01028_98.png,0,0.006999643985182047,0.006999643985182047,0.1672092080116272,1.8852723836898804
data\BraTS2021_slice\test\good\img\01028_99.png,0,0.0070632207207381725,0.0070632207207381725,0.26940712332725525,3.1854710578918457
data\BraTS2021_slice\test\good\img\01030_96.png,0,0.006286324933171272,0.006286324933171272,0.1477569192647934,1.8043477535247803
data\BraTS2021_slice\test\good\img\01030_97.png,0,0.006440871860831976,0.006440871860831976,0.1380014419555664,1.6521930694580078
data\BraTS2021_slice\test\good\img\01030_98.png,0,0.006805351469665766,0.006805351469665766,0.14701540768146515,1.7542093992233276
data\BraTS2021_slice\test\good\img\01030_99.png,0,0.006248283199965954,0.006248283199965954,0.15932722389698029,1.8878904581069946
data\BraTS2021_slice\test\good\img\01043_98.png,0,0.005950223654508591,0.005950223654508591,0.2013588398694992,2.2367944717407227
data\BraTS2021_slice\test\good\img\01043_99.png,0,0.005904973950237036,0.005904973950237036,0.2019345462322235,2.222214460372925
data\BraTS2021_slice\test\good\img\01048_95.png,0,0.005636423826217651,0.005636423826217651,0.16702479124069214,2.044039249420166
data\BraTS2021_slice\test\good\img\01048_96.png,0,0.006752596236765385,0.006752596236765385,0.1653127819299698,2.0226593017578125
data\BraTS2021_slice\test\good\img\01048_97.png,0,0.006491570267826319,0.006491570267826319,0.16583548486232758,1.9493319988250732
data\BraTS2021_slice\test\good\img\01048_98.png,0,0.005184756126254797,0.005184756126254797,0.1610570102930069,1.8685787916183472
data\BraTS2021_slice\test\good\img\01048_99.png,0,0.005359984934329987,0.005359984934329987,0.16557453572750092,1.9509705305099487
data\BraTS2021_slice\test\good\img\01052_60.png,0,0.006541875656694174,0.006541875656694174,0.21380481123924255,2.297466516494751
data\BraTS2021_slice\test\good\img\01052_61.png,0,0.006875062361359596,0.006875062361359596,0.21978522837162018,2.4162933826446533
data\BraTS2021_slice\test\good\img\01052_62.png,0,0.006827212404459715,0.006827212404459715,0.2396152764558792,2.6490519046783447
data\BraTS2021_slice\test\good\img\01052_63.png,0,0.0066278669983148575,0.0066278669983148575,0.26627317070961,2.9078986644744873
data\BraTS2021_slice\test\good\img\01052_64.png,0,0.006569152232259512,0.006569152232259512,0.22986693680286407,2.605571985244751
data\BraTS2021_slice\test\good\img\01056_96.png,0,0.005761925596743822,0.005761925596743822,0.16413065791130066,1.9769765138626099
data\BraTS2021_slice\test\good\img\01056_97.png,0,0.005940197966992855,0.005940197966992855,0.16788555681705475,1.9836297035217285
data\BraTS2021_slice\test\good\img\01056_98.png,0,0.006403748411685228,0.006403748411685228,0.16784770786762238,1.933786392211914
data\BraTS2021_slice\test\good\img\01056_99.png,0,0.006019935477524996,0.006019935477524996,0.16537337005138397,1.8754959106445312
data\BraTS2021_slice\test\good\img\01057_98.png,0,0.005950223654508591,0.005950223654508591,0.21583478152751923,2.503735303878784
data\BraTS2021_slice\test\good\img\01057_99.png,0,0.006541875656694174,0.006541875656694174,0.2042364925146103,2.40313720703125
data\BraTS2021_slice\test\good\img\01062_60.png,0,0.00977172702550888,0.00977172702550888,0.3035241663455963,3.2037136554718018
data\BraTS2021_slice\test\good\img\01062_61.png,0,0.00889020599424839,0.00889020599424839,0.27782711386680603,2.9898300170898438
data\BraTS2021_slice\test\good\img\01062_62.png,0,0.009056268259882927,0.009056268259882927,0.27833807468414307,3.103569269180298
data\BraTS2021_slice\test\good\img\01062_63.png,0,0.008275611326098442,0.008275611326098442,0.2685180604457855,3.0725820064544678
data\BraTS2021_slice\test\good\img\01075_60.png,0,0.008450228720903397,0.008450228720903397,0.26975125074386597,2.796553611755371
data\BraTS2021_slice\test\good\img\01075_61.png,0,0.0072052511386573315,0.0072052511386573315,0.261128306388855,2.7128939628601074
data\BraTS2021_slice\test\good\img\01075_62.png,0,0.007316076196730137,0.007316076196730137,0.24477744102478027,2.5637454986572266
data\BraTS2021_slice\test\good\img\01075_63.png,0,0.007130410987883806,0.007130410987883806,0.2525796592235565,2.679098606109619
data\BraTS2021_slice\test\good\img\01081_95.png,0,0.006069239694625139,0.006069239694625139,0.14895865321159363,1.8427199125289917
data\BraTS2021_slice\test\good\img\01081_96.png,0,0.0052815694361925125,0.0052815694361925125,0.139691561460495,1.737804889678955
data\BraTS2021_slice\test\good\img\01081_97.png,0,0.005480943247675896,0.005480943247675896,0.13819003105163574,1.706479549407959
data\BraTS2021_slice\test\good\img\01081_98.png,0,0.005849193781614304,0.005849193781614304,0.13920511305332184,1.7035651206970215
data\BraTS2021_slice\test\good\img\01081_99.png,0,0.005599289666861296,0.005599289666861296,0.13856488466262817,1.6908413171768188
data\BraTS2021_slice\test\good\img\01082_95.png,0,0.006482381839305162,0.006482381839305162,0.18464116752147675,2.2441513538360596
data\BraTS2021_slice\test\good\img\01082_96.png,0,0.006609856616705656,0.006609856616705656,0.19082559645175934,2.2627322673797607
data\BraTS2021_slice\test\good\img\01082_97.png,0,0.006614363752305508,0.006614363752305508,0.1839364916086197,2.136716842651367
data\BraTS2021_slice\test\good\img\01082_98.png,0,0.006783419754356146,0.006783419754356146,0.17648392915725708,2.0772104263305664
data\BraTS2021_slice\test\good\img\01082_99.png,0,0.005894871428608894,0.005894871428608894,0.181692436337471,2.1121535301208496
data\BraTS2021_slice\test\good\img\01083_60.png,0,0.007673942018300295,0.007673942018300295,0.24645808339118958,2.596519947052002
data\BraTS2021_slice\test\good\img\01083_61.png,0,0.007638909853994846,0.007638909853994846,0.2562454640865326,2.80680513381958
data\BraTS2021_slice\test\good\img\01083_62.png,0,0.008318712934851646,0.008318712934851646,0.23946858942508698,2.587818145751953
data\BraTS2021_slice\test\good\img\01094_60.png,0,0.010378130711615086,0.010378130711615086,0.33327847719192505,3.062138319015503
data\BraTS2021_slice\test\good\img\01094_61.png,0,0.009917039424180984,0.009917039424180984,0.3036051094532013,2.8458850383758545
data\BraTS2021_slice\test\good\img\01097_60.png,0,0.005720397923141718,0.005720397923141718,0.1879008710384369,2.2222635746002197
data\BraTS2021_slice\test\good\img\01097_61.png,0,0.005940197966992855,0.005940197966992855,0.18111580610275269,2.135772466659546
data\BraTS2021_slice\test\good\img\01097_62.png,0,0.006582748610526323,0.006582748610526323,0.18031786382198334,2.108577251434326
data\BraTS2021_slice\test\good\img\01103_60.png,0,0.007903522811830044,0.007903522811830044,0.22745196521282196,2.5414798259735107
data\BraTS2021_slice\test\good\img\01103_61.png,0,0.008239519782364368,0.008239519782364368,0.22625352442264557,2.5651750564575195
data\BraTS2021_slice\test\good\img\01103_62.png,0,0.007299764081835747,0.007299764081835747,0.2176624834537506,2.5250353813171387
data\BraTS2021_slice\test\good\img\01103_63.png,0,0.007770425174385309,0.007770425174385309,0.21056364476680756,2.4282279014587402
data\BraTS2021_slice\test\good\img\01103_64.png,0,0.008275611326098442,0.008275611326098442,0.21093490719795227,2.386911630630493
data\BraTS2021_slice\test\good\img\01103_65.png,0,0.008354462683200836,0.008354462683200836,0.20816172659397125,2.372018575668335
data\BraTS2021_slice\test\good\img\01106_77.png,0,0.006944073364138603,0.006944073364138603,0.3188649117946625,4.309481620788574
data\BraTS2021_slice\test\good\img\01106_78.png,0,0.0077589103020727634,0.0077589103020727634,0.3262295722961426,4.3389153480529785
data\BraTS2021_slice\test\good\img\01109_60.png,0,0.006468574982136488,0.006468574982136488,0.238056480884552,2.5211925506591797
data\BraTS2021_slice\test\good\img\01109_61.png,0,0.006654791533946991,0.006654791533946991,0.23165558278560638,2.4843978881835938
data\BraTS2021_slice\test\good\img\01109_62.png,0,0.00632884819060564,0.00632884819060564,0.22965969145298004,2.5328361988067627
data\BraTS2021_slice\test\good\img\01109_63.png,0,0.006694975309073925,0.006694975309073925,0.22453486919403076,2.447413921356201
data\BraTS2021_slice\test\good\img\01112_60.png,0,0.006560072768479586,0.006560072768479586,0.19355639815330505,2.3519155979156494
data\BraTS2021_slice\test\good\img\01112_61.png,0,0.006491570267826319,0.006491570267826319,0.1891174614429474,2.3126449584960938
data\BraTS2021_slice\test\good\img\01112_62.png,0,0.006761417258530855,0.006761417258530855,0.19767805933952332,2.443665027618408
data\BraTS2021_slice\test\good\img\01115_94.png,0,0.007429259829223156,0.007429259829223156,0.25696367025375366,3.064500093460083
data\BraTS2021_slice\test\good\img\01115_95.png,0,0.00721351895481348,0.00721351895481348,0.25628942251205444,3.0820915699005127
data\BraTS2021_slice\test\good\img\01115_97.png,0,0.0076583921909332275,0.0076583921909332275,0.28035712242126465,3.450911283493042
data\BraTS2021_slice\test\good\img\01115_98.png,0,0.007997236214578152,0.007997236214578152,0.2776705026626587,3.4328789710998535
data\BraTS2021_slice\test\good\img\01115_99.png,0,0.007151278667151928,0.007151278667151928,0.29877546429634094,3.6908223628997803
data\BraTS2021_slice\test\good\img\01118_77.png,0,0.00569428876042366,0.00569428876042366,0.18428322672843933,2.287991523742676
data\BraTS2021_slice\test\good\img\01118_78.png,0,0.004821390844881535,0.004821390844881535,0.17838329076766968,2.2376348972320557
data\BraTS2021_slice\test\good\img\01118_79.png,0,0.00490716565400362,0.00490716565400362,0.16675084829330444,2.0937857627868652
data\BraTS2021_slice\test\good\img\01118_80.png,0,0.004846053197979927,0.004846053197979927,0.16819849610328674,2.110952377319336
data\BraTS2021_slice\test\good\img\01118_81.png,0,0.0047529106959700584,0.0047529106959700584,0.1717999428510666,2.1720404624938965
data\BraTS2021_slice\test\good\img\01122_60.png,0,0.009871859103441238,0.009871859103441238,0.35660889744758606,3.8175747394561768
data\BraTS2021_slice\test\good\img\01122_61.png,0,0.01069492008537054,0.01069492008537054,0.3102422058582306,3.388662576675415
data\BraTS2021_slice\test\good\img\01122_62.png,0,0.009738120250403881,0.009738120250403881,0.2881962060928345,3.0939009189605713
data\BraTS2021_slice\test\good\img\01127_94.png,0,0.008372279815375805,0.008372279815375805,0.302811861038208,2.9809916019439697
data\BraTS2021_slice\test\good\img\01127_95.png,0,0.0075722960755229,0.0075722960755229,0.29007580876350403,2.8897922039031982
data\BraTS2021_slice\test\good\img\01127_96.png,0,0.007654499728232622,0.007654499728232622,0.2705466151237488,2.7434885501861572
data\BraTS2021_slice\test\good\img\01127_97.png,0,0.008648920804262161,0.008648920804262161,0.3040461838245392,3.0918960571289062
data\BraTS2021_slice\test\good\img\01127_98.png,0,0.007670057471841574,0.007670057471841574,0.29500529170036316,2.956838607788086
data\BraTS2021_slice\test\good\img\01127_99.png,0,0.007595873437821865,0.007595873437821865,0.2666936218738556,2.6430327892303467
data\BraTS2021_slice\test\good\img\01135_60.png,0,0.006814104504883289,0.006814104504883289,0.2399941235780716,2.820542573928833
data\BraTS2021_slice\test\good\img\01135_61.png,0,0.006935484707355499,0.006935484707355499,0.2226351797580719,2.6843554973602295
data\BraTS2021_slice\test\good\img\01135_62.png,0,0.007033623289316893,0.007033623289316893,0.2310691475868225,2.8493313789367676
data\BraTS2021_slice\test\good\img\01135_63.png,0,0.005583299323916435,0.005583299323916435,0.19085738062858582,2.290731906890869
data\BraTS2021_slice\test\good\img\01135_64.png,0,0.006019935477524996,0.006019935477524996,0.18500292301177979,2.2886407375335693
data\BraTS2021_slice\test\good\img\01146_60.png,0,0.008624766021966934,0.008624766021966934,0.2643429636955261,2.783205509185791
data\BraTS2021_slice\test\good\img\01146_61.png,0,0.008586672134697437,0.008586672134697437,0.2538878917694092,2.6780507564544678
data\BraTS2021_slice\test\good\img\01146_62.png,0,0.008537943474948406,0.008537943474948406,0.24458645284175873,2.6061859130859375
data\BraTS2021_slice\test\good\img\01146_63.png,0,0.00854143314063549,0.00854143314063549,0.23211805522441864,2.5191407203674316
data\BraTS2021_slice\test\good\img\01146_64.png,0,0.008130285888910294,0.008130285888910294,0.22540487349033356,2.4884676933288574
data\BraTS2021_slice\test\good\img\01150_97.png,0,0.006926885340362787,0.006926885340362787,0.1494121551513672,1.9240872859954834
data\BraTS2021_slice\test\good\img\01150_98.png,0,0.007520957849919796,0.007520957849919796,0.12642724812030792,1.5875545740127563
data\BraTS2021_slice\test\good\img\01150_99.png,0,0.00786193460226059,0.00786193460226059,0.15563170611858368,2.053194284439087
data\BraTS2021_slice\test\good\img\01161_98.png,0,0.0069612194783985615,0.0069612194783985615,0.26246723532676697,2.990816354751587
data\BraTS2021_slice\test\good\img\01161_99.png,0,0.008329453878104687,0.008329453878104687,0.2906269133090973,3.483570098876953
data\BraTS2021_slice\test\good\img\01165_60.png,0,0.00732421875,0.00732421875,0.19993367791175842,2.490569829940796
data\BraTS2021_slice\test\good\img\01165_61.png,0,0.007751224562525749,0.007751224562525749,0.18992874026298523,2.3742752075195312
data\BraTS2021_slice\test\good\img\01165_62.png,0,0.007401125971227884,0.007401125971227884,0.17364144325256348,2.106889486312866
data\BraTS2021_slice\test\good\img\01166_96.png,0,0.006677145604044199,0.006677145604044199,0.14951194822788239,1.8742289543151855
data\BraTS2021_slice\test\good\img\01166_97.png,0,0.006463965866714716,0.006463965866714716,0.15006446838378906,1.8844807147979736
data\BraTS2021_slice\test\good\img\01166_98.png,0,0.007662282790988684,0.007662282790988684,0.15507057309150696,1.9368128776550293
data\BraTS2021_slice\test\good\img\01166_99.png,0,0.007271129172295332,0.007271129172295332,0.16406556963920593,2.024378776550293
data\BraTS2021_slice\test\good\img\01187_60.png,0,0.007520957849919796,0.007520957849919796,0.26892927289009094,3.0052361488342285
data\BraTS2021_slice\test\good\img\01187_61.png,0,0.007603716570883989,0.007603716570883989,0.24982571601867676,2.8513333797454834
data\BraTS2021_slice\test\good\img\01187_62.png,0,0.007993508130311966,0.007993508130311966,0.23966144025325775,2.776822566986084
data\BraTS2021_slice\test\good\img\01187_63.png,0,0.00915120355784893,0.00915120355784893,0.30317422747612,3.5236501693725586
data\BraTS2021_slice\test\good\img\01187_64.png,0,0.008082493208348751,0.008082493208348751,0.2917606234550476,3.419398784637451
data\BraTS2021_slice\test\good\img\01221_95.png,0,0.007295680232346058,0.007295680232346058,0.16218939423561096,1.6837832927703857
data\BraTS2021_slice\test\good\img\01221_96.png,0,0.007654499728232622,0.007654499728232622,0.16414552927017212,1.7194983959197998
data\BraTS2021_slice\test\good\img\01221_97.png,0,0.006909654010087252,0.006909654010087252,0.1809447854757309,1.9346320629119873
data\BraTS2021_slice\test\good\img\01221_98.png,0,0.007258822675794363,0.007258822675794363,0.18166249990463257,1.9454180002212524
data\BraTS2021_slice\test\good\img\01221_99.png,0,0.007151278667151928,0.007151278667151928,0.18893210589885712,2.0995800495147705
data\BraTS2021_slice\test\good\img\01244_60.png,0,0.006734919268637896,0.006734919268637896,0.23819056153297424,2.5740387439727783
data\BraTS2021_slice\test\good\img\01244_61.png,0,0.00739709846675396,0.00739709846675396,0.2249228060245514,2.468316078186035
data\BraTS2021_slice\test\good\img\01244_62.png,0,0.006532758008688688,0.006532758008688688,0.22853904962539673,2.5322985649108887
data\BraTS2021_slice\test\good\img\01244_63.png,0,0.007147110067307949,0.007147110067307949,0.2201032191514969,2.4613845348358154
data\BraTS2021_slice\test\good\img\01244_64.png,0,0.007176239509135485,0.007176239509135485,0.20913909375667572,2.3422188758850098
data\BraTS2021_slice\test\good\img\01244_65.png,0,0.006739342585206032,0.006739342585206032,0.1802344024181366,1.989131212234497
data\BraTS2021_slice\test\good\img\01245_98.png,0,0.006083953194320202,0.006083953194320202,0.1585264503955841,1.66961669921875
data\BraTS2021_slice\test\good\img\01245_99.png,0,0.006286324933171272,0.006286324933171272,0.1674988716840744,1.7520167827606201
data\BraTS2021_slice\test\good\img\01248_94.png,0,0.006699425168335438,0.006699425168335438,0.15447023510932922,1.7324720621109009
data\BraTS2021_slice\test\good\img\01248_95.png,0,0.005960232112556696,0.005960232112556696,0.1567557156085968,1.7469658851623535
data\BraTS2021_slice\test\good\img\01248_96.png,0,0.005720397923141718,0.005720397923141718,0.16734763979911804,1.8537662029266357
data\BraTS2021_slice\test\good\img\01248_97.png,0,0.006514484528452158,0.006514484528452158,0.17921313643455505,1.9673062562942505
data\BraTS2021_slice\test\good\img\01248_98.png,0,0.00721351895481348,0.00721351895481348,0.18260599672794342,2.0149407386779785
data\BraTS2021_slice\test\good\img\01248_99.png,0,0.007457287050783634,0.007457287050783634,0.18869708478450775,2.0712618827819824
data\BraTS2021_slice\test\good\img\01263_84.png,0,0.0055296639911830425,0.0055296639911830425,0.15085309743881226,1.7141896486282349
data\BraTS2021_slice\test\good\img\01263_85.png,0,0.006000100634992123,0.006000100634992123,0.14746509492397308,1.6540799140930176
data\BraTS2021_slice\test\good\img\01268_60.png,0,0.006436243187636137,0.006436243187636137,0.2192625105381012,2.531792163848877
data\BraTS2021_slice\test\good\img\01268_61.png,0,0.005725604947656393,0.005725604947656393,0.20918598771095276,2.371774911880493
data\BraTS2021_slice\test\good\img\01268_62.png,0,0.005264613777399063,0.005264613777399063,0.21068841218948364,2.4597840309143066
data\BraTS2021_slice\test\good\img\01271_60.png,0,0.009003461338579655,0.009003461338579655,0.3120160698890686,3.32448410987854
data\BraTS2021_slice\test\good\img\01271_61.png,0,0.009160968475043774,0.009160968475043774,0.30393826961517334,3.204867362976074
data\BraTS2021_slice\test\good\img\01277_96.png,0,0.006238736677914858,0.006238736677914858,0.14962135255336761,1.7015604972839355
data\BraTS2021_slice\test\good\img\01277_97.png,0,0.005502650048583746,0.005502650048583746,0.14368610084056854,1.619035243988037
data\BraTS2021_slice\test\good\img\01277_98.png,0,0.005828777328133583,0.005828777328133583,0.14370083808898926,1.6134521961212158
data\BraTS2021_slice\test\good\img\01277_99.png,0,0.005741199012845755,0.005741199012845755,0.15699128806591034,1.7749074697494507
data\BraTS2021_slice\test\good\img\01287_60.png,0,0.007937386631965637,0.007937386631965637,0.19005775451660156,2.1402933597564697
data\BraTS2021_slice\test\good\img\01287_61.png,0,0.007907292805612087,0.007907292805612087,0.19803832471370697,2.3050243854522705
data\BraTS2021_slice\test\good\img\01287_62.png,0,0.007316076196730137,0.007316076196730137,0.18324580788612366,2.163409948348999
data\BraTS2021_slice\test\good\img\01287_63.png,0,0.007823935709893703,0.007823935709893703,0.17997851967811584,2.117217779159546
data\BraTS2021_slice\test\good\img\01287_64.png,0,0.007926114834845066,0.007926114834845066,0.18064118921756744,2.1240923404693604
data\BraTS2021_slice\test\good\img\01287_65.png,0,0.007873298600316048,0.007873298600316048,0.1779371052980423,1.9866130352020264
data\BraTS2021_slice\test\good\img\01295_60.png,0,0.0082431361079216,0.0082431361079216,0.2231072336435318,2.3599979877471924
data\BraTS2021_slice\test\good\img\01295_61.png,0,0.007982315495610237,0.007982315495610237,0.2113012671470642,2.1720056533813477
data\BraTS2021_slice\test\good\img\01305_60.png,0,0.008411344140768051,0.008411344140768051,0.3005770444869995,3.0959248542785645
data\BraTS2021_slice\test\good\img\01305_61.png,0,0.009777824394404888,0.009777824394404888,0.31474539637565613,3.27809739112854
data\BraTS2021_slice\test\good\img\01305_62.png,0,0.010432548820972443,0.010432548820972443,0.316046804189682,3.283214807510376
data\BraTS2021_slice\test\good\img\01305_63.png,0,0.009673639200627804,0.009673639200627804,0.3048636317253113,3.2360453605651855
data\BraTS2021_slice\test\good\img\01328_60.png,0,0.007271129172295332,0.007271129172295332,0.16122065484523773,1.9846270084381104
data\BraTS2021_slice\test\good\img\01328_61.png,0,0.005935178603976965,0.005935178603976965,0.15337848663330078,1.8582910299301147
data\BraTS2021_slice\test\good\img\01328_62.png,0,0.005838994402438402,0.005838994402438402,0.14099979400634766,1.6227701902389526
data\BraTS2021_slice\test\good\img\01328_63.png,0,0.0062720864079892635,0.0062720864079892635,0.1398756057024002,1.6361098289489746
data\BraTS2021_slice\test\good\img\01328_64.png,0,0.006314705591648817,0.006314705591648817,0.14344440400600433,1.8077340126037598
data\BraTS2021_slice\test\good\img\01328_66.png,0,0.0066278669983148575,0.0066278669983148575,0.14347663521766663,1.8193212747573853
data\BraTS2021_slice\test\good\img\01336_60.png,0,0.007109482306987047,0.007109482306987047,0.24090245366096497,2.7997019290924072
data\BraTS2021_slice\test\good\img\01336_61.png,0,0.006253051105886698,0.006253051105886698,0.2195166051387787,2.4927268028259277
data\BraTS2021_slice\test\good\img\01356_95.png,0,0.006986859254539013,0.006986859254539013,0.1898682713508606,1.8252553939819336
data\BraTS2021_slice\test\good\img\01356_96.png,0,0.006779025308787823,0.006779025308787823,0.19150349497795105,1.8157681226730347
data\BraTS2021_slice\test\good\img\01356_97.png,0,0.007528878748416901,0.007528878748416901,0.18959365785121918,1.7998425960540771
data\BraTS2021_slice\test\good\img\01356_98.png,0,0.0074732559733092785,0.0074732559733092785,0.18956731259822845,1.815529465675354
data\BraTS2021_slice\test\good\img\01356_99.png,0,0.008078805170953274,0.008078805170953274,0.18755237758159637,1.7639679908752441
data\BraTS2021_slice\test\good\img\01361_98.png,0,0.005950223654508591,0.005950223654508591,0.17646044492721558,2.162156343460083
data\BraTS2021_slice\test\good\img\01361_99.png,0,0.00565753411501646,0.00565753411501646,0.1749372035264969,2.1254477500915527
data\BraTS2021_slice\test\good\img\01364_60.png,0,0.0075997961685061455,0.0075997961685061455,0.23525001108646393,2.6585917472839355
data\BraTS2021_slice\test\good\img\01364_61.png,0,0.007929873652756214,0.007929873652756214,0.21365886926651,2.3659725189208984
data\BraTS2021_slice\test\good\img\01364_62.png,0,0.008246750570833683,0.008246750570833683,0.22816717624664307,2.575373888015747
data\BraTS2021_slice\test\good\img\01364_63.png,0,0.00781631376594305,0.00781631376594305,0.23447836935520172,2.6890103816986084
data\BraTS2021_slice\test\good\img\01364_64.png,0,0.0066413432359695435,0.0066413432359695435,0.1846708208322525,2.148603677749634
data\BraTS2021_slice\test\good\img\01372_60.png,0,0.006672680843621492,0.006672680843621492,0.2437380701303482,2.6226017475128174
data\BraTS2021_slice\test\good\img\01372_61.png,0,0.006699425168335438,0.006699425168335438,0.2406015843153,2.5743050575256348
data\BraTS2021_slice\test\good\img\01372_62.png,0,0.005915059242397547,0.005915059242397547,0.24852152168750763,2.7253825664520264
data\BraTS2021_slice\test\good\img\01372_64.png,0,0.006309984251856804,0.006309984251856804,0.2652721107006073,2.9835009574890137
data\BraTS2021_slice\test\good\img\01381_60.png,0,0.007250606548041105,0.007250606548041105,0.1885334551334381,2.2200567722320557
data\BraTS2021_slice\test\good\img\01381_61.png,0,0.0072176493704319,0.0072176493704319,0.18656834959983826,2.1349403858184814
data\BraTS2021_slice\test\good\img\01381_62.png,0,0.007299764081835747,0.007299764081835747,0.19000886380672455,2.210088014602661
data\BraTS2021_slice\test\good\img\01382_97.png,0,0.005080237518996,0.005080237518996,0.1313631236553192,1.502236008644104
data\BraTS2021_slice\test\good\img\01382_98.png,0,0.005167482886463404,0.005167482886463404,0.1365615576505661,1.5378177165985107
data\BraTS2021_slice\test\good\img\01382_99.png,0,0.005086100194603205,0.005086100194603205,0.1416776478290558,1.60610830783844
data\BraTS2021_slice\test\good\img\01383_95.png,0,0.005332111846655607,0.005332111846655607,0.16014353930950165,1.9437693357467651
data\BraTS2021_slice\test\good\img\01383_96.png,0,0.004839899484068155,0.004839899484068155,0.14341752231121063,1.6977601051330566
data\BraTS2021_slice\test\good\img\01383_97.png,0,0.00606432743370533,0.00606432743370533,0.1527550369501114,1.851859211921692
data\BraTS2021_slice\test\good\img\01390_60.png,0,0.005741199012845755,0.005741199012845755,0.22703048586845398,2.3294155597686768
data\BraTS2021_slice\test\good\img\01390_61.png,0,0.005730807781219482,0.005730807781219482,0.22165364027023315,2.2781848907470703
data\BraTS2021_slice\test\good\img\01390_62.png,0,0.006152149755507708,0.006152149755507708,0.2180810272693634,2.2346019744873047
data\BraTS2021_slice\test\good\img\01390_63.png,0,0.005689052864909172,0.005689052864909172,0.21295656263828278,2.164750814437866
data\BraTS2021_slice\test\good\img\01394_95.png,0,0.007595873437821865,0.007595873437821865,0.1646607369184494,1.8133769035339355
data\BraTS2021_slice\test\good\img\01394_96.png,0,0.007050551474094391,0.007050551474094391,0.18161968886852264,1.995157241821289
data\BraTS2021_slice\test\good\img\01394_97.png,0,0.007163770031183958,0.007163770031183958,0.1774575561285019,1.928989052772522
data\BraTS2021_slice\test\good\img\01394_98.png,0,0.0068359375,0.0068359375,0.1943630427122116,2.0820624828338623
data\BraTS2021_slice\test\good\img\01394_99.png,0,0.006991123780608177,0.006991123780608177,0.20378173887729645,2.1614131927490234
data\BraTS2021_slice\test\good\img\01398_60.png,0,0.006783419754356146,0.006783419754356146,0.2854289710521698,3.1065640449523926
data\BraTS2021_slice\test\good\img\01398_61.png,0,0.006491570267826319,0.006491570267826319,0.2614521384239197,2.8518359661102295
data\BraTS2021_slice\test\good\img\01398_62.png,0,0.006195594556629658,0.006195594556629658,0.25227466225624084,2.791102886199951
data\BraTS2021_slice\test\good\img\01398_63.png,0,0.006532758008688688,0.006532758008688688,0.24631208181381226,2.6234734058380127
data\BraTS2021_slice\test\good\img\01398_64.png,0,0.0062339575961232185,0.0062339575961232185,0.24233697354793549,2.679591655731201
data\BraTS2021_slice\test\good\img\01398_65.png,0,0.007429259829223156,0.007429259829223156,0.24413497745990753,2.792800188064575
data\BraTS2021_slice\test\good\img\01441_60.png,0,0.01651156134903431,0.01651156134903431,0.37251654267311096,4.792374610900879
data\BraTS2021_slice\test\good\img\01441_61.png,0,0.015763621777296066,0.015763621777296066,0.3131466507911682,3.9269447326660156
data\BraTS2021_slice\test\good\img\01441_62.png,0,0.015701107680797577,0.015701107680797577,0.2732795178890228,3.332166910171509
data\BraTS2021_slice\test\good\img\01441_63.png,0,0.015277819707989693,0.015277819707989693,0.2563212215900421,3.1061246395111084
data\BraTS2021_slice\test\good\img\01442_98.png,0,0.008372279815375805,0.008372279815375805,0.17607034742832184,1.9042575359344482
data\BraTS2021_slice\test\good\img\01442_99.png,0,0.007839157246053219,0.007839157246053219,0.18144987523555756,1.9499824047088623
data\BraTS2021_slice\test\good\img\01450_98.png,0,0.007409175392240286,0.007409175392240286,0.11695041507482529,1.4544583559036255
data\BraTS2021_slice\test\good\img\01450_99.png,0,0.007250606548041105,0.007250606548041105,0.12263578921556473,1.5187300443649292
data\BraTS2021_slice\test\good\img\01453_94.png,0,0.00785814318805933,0.00785814318805933,0.1573590487241745,1.7772806882858276
data\BraTS2021_slice\test\good\img\01453_95.png,0,0.007188687566667795,0.007188687566667795,0.16767701506614685,1.9125771522521973
data\BraTS2021_slice\test\good\img\01453_96.png,0,0.00684465141966939,0.00684465141966939,0.1720624417066574,1.921617865562439
data\BraTS2021_slice\test\good\img\01453_97.png,0,0.0064961593598127365,0.0064961593598127365,0.1757410764694214,1.9309908151626587
data\BraTS2021_slice\test\good\img\01453_98.png,0,0.007067438680678606,0.007067438680678606,0.17947161197662354,1.9752835035324097
data\BraTS2021_slice\test\good\img\01453_99.png,0,0.006681607570499182,0.006681607570499182,0.18236395716667175,1.9906522035598755
data\BraTS2021_slice\test\good\img\01460_98.png,0,0.0078010475262999535,0.0078010475262999535,0.18073789775371552,2.1296226978302
data\BraTS2021_slice\test\good\img\01460_99.png,0,0.007952391169965267,0.007952391169965267,0.19088374078273773,2.3107481002807617
data\BraTS2021_slice\test\good\img\01474_95.png,0,0.00633825920522213,0.00633825920522213,0.15594224631786346,1.827203631401062
data\BraTS2021_slice\test\good\img\01474_96.png,0,0.006324137561023235,0.006324137561023235,0.1685374528169632,1.9991016387939453
data\BraTS2021_slice\test\good\img\01474_97.png,0,0.0064869774505496025,0.0064869774505496025,0.1717187613248825,2.056148052215576
data\BraTS2021_slice\test\good\img\01474_98.png,0,0.0066503118723630905,0.0066503118723630905,0.18047413229942322,2.160952091217041
data\BraTS2021_slice\test\good\img\01474_99.png,0,0.006587274372577667,0.006587274372577667,0.18651032447814941,2.214348554611206
data\BraTS2021_slice\test\good\img\01487_95.png,0,0.006623369175940752,0.006623369175940752,0.2087475061416626,2.5238494873046875
data\BraTS2021_slice\test\good\img\01487_96.png,0,0.00632884819060564,0.00632884819060564,0.19349373877048492,2.276850461959839
data\BraTS2021_slice\test\good\img\01487_97.png,0,0.006214805878698826,0.006214805878698826,0.1789426952600479,2.057666063308716
data\BraTS2021_slice\test\good\img\01487_98.png,0,0.006413049530237913,0.006413049530237913,0.19585028290748596,2.300924301147461
data\BraTS2021_slice\test\good\img\01487_99.png,0,0.006883726455271244,0.006883726455271244,0.17911028861999512,2.0593974590301514
data\BraTS2021_slice\test\good\img\01501_97.png,0,0.00890025682747364,0.00890025682747364,0.1633903533220291,1.8442922830581665
data\BraTS2021_slice\test\good\img\01501_98.png,0,0.008996838703751564,0.008996838703751564,0.16294629871845245,1.8170899152755737
data\BraTS2021_slice\test\good\img\01501_99.png,0,0.008963651955127716,0.008963651955127716,0.18839359283447266,2.1922414302825928
data\BraTS2021_slice\test\good\img\01518_60.png,0,0.008390058763325214,0.008390058763325214,0.2471419721841812,3.0744740962982178
data\BraTS2021_slice\test\good\img\01518_61.png,0,0.008474879898130894,0.008474879898130894,0.21133776009082794,2.6506755352020264
data\BraTS2021_slice\test\good\img\01534_97.png,0,0.006000100634992123,0.006000100634992123,0.11388161033391953,1.4097362756729126
data\BraTS2021_slice\test\good\img\01534_98.png,0,0.005915059242397547,0.005915059242397547,0.13509070873260498,1.7132748365402222
data\BraTS2021_slice\test\good\img\01534_99.png,0,0.006029828451573849,0.006029828451573849,0.15223130583763123,1.9649591445922852
data\BraTS2021_slice\test\good\img\01545_60.png,0,0.005823662504553795,0.005823662504553795,0.2092454433441162,2.7936856746673584
data\BraTS2021_slice\test\good\img\01545_61.png,0,0.006324137561023235,0.006324137561023235,0.21754218637943268,2.9116451740264893
data\BraTS2021_slice\test\good\img\01545_62.png,0,0.006440871860831976,0.006440871860831976,0.1878492534160614,2.5513312816619873
data\BraTS2021_slice\test\good\img\01545_63.png,0,0.006840295623987913,0.006840295623987913,0.17372481524944305,2.3766908645629883
data\BraTS2021_slice\test\good\img\01545_64.png,0,0.006413049530237913,0.006413049530237913,0.1800215244293213,2.483011484146118
data\BraTS2021_slice\test\good\img\01550_96.png,0,0.007755068596452475,0.007755068596452475,0.19832193851470947,2.6673219203948975
data\BraTS2021_slice\test\good\img\01550_97.png,0,0.007556536700576544,0.007556536700576544,0.1782057285308838,2.34801983833313
data\BraTS2021_slice\test\good\img\01550_98.png,0,0.00802699290215969,0.00802699290215969,0.17990946769714355,2.349200963973999
data\BraTS2021_slice\test\good\img\01550_99.png,0,0.008411344140768051,0.008411344140768051,0.1882861703634262,2.4404995441436768
data\BraTS2021_slice\test\good\img\01563_97.png,0,0.00751302856951952,0.00751302856951952,0.12160631269216537,1.482674241065979
data\BraTS2021_slice\test\good\img\01563_98.png,0,0.007607635110616684,0.007607635110616684,0.12743352353572845,1.5408742427825928
data\BraTS2021_slice\test\good\img\01563_99.png,0,0.007096895482391119,0.007096895482391119,0.13456101715564728,1.622597336769104
data\BraTS2021_slice\test\good\img\01577_98.png,0,0.008067729882895947,0.008067729882895947,0.1891482174396515,2.0428764820098877
data\BraTS2021_slice\test\good\img\01577_99.png,0,0.008744870312511921,0.008744870312511921,0.17943312227725983,1.8701280355453491
data\BraTS2021_slice\test\good\img\01579_96.png,0,0.006422337144613266,0.006422337144613266,0.15569785237312317,1.7844594717025757
data\BraTS2021_slice\test\good\img\01579_97.png,0,0.006537318229675293,0.006537318229675293,0.15386652946472168,1.7643355131149292
data\BraTS2021_slice\test\good\img\01579_98.png,0,0.006523627322167158,0.006523627322167158,0.16807183623313904,1.9619026184082031
data\BraTS2021_slice\test\good\img\01579_99.png,0,0.006342959590256214,0.006342959590256214,0.16581176221370697,1.9461379051208496
data\BraTS2021_slice\test\good\img\01586_60.png,0,0.005376639310270548,0.005376639310270548,0.16139698028564453,1.8782833814620972
data\BraTS2021_slice\test\good\img\01586_61.png,0,0.005915059242397547,0.005915059242397547,0.15740236639976501,1.8163443803787231
data\BraTS2021_slice\test\good\img\01586_62.png,0,0.006319423206150532,0.006319423206150532,0.14564518630504608,1.5472615957260132
data\BraTS2021_slice\test\good\img\01586_63.png,0,0.005925127305090427,0.005925127305090427,0.14245958626270294,1.4768351316452026
data\BraTS2021_slice\test\good\img\01586_64.png,0,0.005787729285657406,0.005787729285657406,0.13515715301036835,1.4208794832229614
data\BraTS2021_slice\test\good\img\01586_65.png,0,0.006029828451573849,0.006029828451573849,0.13910560309886932,1.5654613971710205
data\BraTS2021_slice\test\good\img\01589_60.png,0,0.006482381839305162,0.006482381839305162,0.18293772637844086,2.3699092864990234
data\BraTS2021_slice\test\good\img\01589_61.png,0,0.005869538523256779,0.005869538523256779,0.13601548969745636,1.7150774002075195
data\BraTS2021_slice\test\good\img\01589_62.png,0,0.006281582172960043,0.006281582172960043,0.12972930073738098,1.619895100593567
data\BraTS2021_slice\test\good\img\01589_63.png,0,0.00645011942833662,0.00645011942833662,0.13003897666931152,1.6119472980499268
data\BraTS2021_slice\test\good\img\01589_64.png,0,0.0068880547769367695,0.0068880547769367695,0.12331351637840271,1.4981348514556885
data\BraTS2021_slice\test\good\img\01589_65.png,0,0.0072052511386573315,0.0072052511386573315,0.11516901850700378,1.3805824518203735
data\BraTS2021_slice\test\good\img\01599_97.png,0,0.010250999592244625,0.010250999592244625,0.28876060247421265,2.433056116104126
data\BraTS2021_slice\test\good\img\01599_98.png,0,0.010780958458781242,0.010780958458781242,0.29650530219078064,2.493616819381714
data\BraTS2021_slice\test\good\img\01599_99.png,0,0.010758820921182632,0.010758820921182632,0.3076004981994629,2.5577995777130127
data\BraTS2021_slice\test\good\img\01604_60.png,0,0.008199636824429035,0.008199636824429035,0.25869646668434143,2.676323175430298
data\BraTS2021_slice\test\good\img\01604_61.png,0,0.008933679200708866,0.008933679200708866,0.2469923198223114,2.4835879802703857
data\BraTS2021_slice\test\good\img\01633_98.png,0,0.005086100194603205,0.005086100194603205,0.14601315557956696,1.7199082374572754
data\BraTS2021_slice\test\good\img\01633_99.png,0,0.006118146702647209,0.006118146702647209,0.1498173624277115,1.7515103816986084
data\BraTS2021_slice\test\good\img\01649_95.png,0,0.006098630838096142,0.006098630838096142,0.18838128447532654,2.054011344909668
data\BraTS2021_slice\test\good\img\01649_96.png,0,0.005950223654508591,0.005950223654508591,0.20220883190631866,2.1794397830963135
data\BraTS2021_slice\test\good\img\01649_97.png,0,0.005777421873062849,0.005777421873062849,0.2175733745098114,2.2786705493927
data\BraTS2021_slice\test\good\img\01649_98.png,0,0.006380436476320028,0.006380436476320028,0.21664169430732727,2.2367489337921143
data\BraTS2021_slice\test\good\img\01649_99.png,0,0.007025144062936306,0.007025144062936306,0.22978106141090393,2.321672201156616
data\BraTS2021_slice\test\good\img\01652_60.png,0,0.007591949310153723,0.007591949310153723,0.26280122995376587,3.022545099258423
data\BraTS2021_slice\test\good\img\01652_61.png,0,0.006991123780608177,0.006991123780608177,0.2502623498439789,2.9285404682159424
data\BraTS2021_slice\test\good\img\01652_62.png,0,0.007283415179699659,0.007283415179699659,0.24302078783512115,2.8479671478271484
data\BraTS2021_slice\test\Ungood\img\00002_60.png,1,0.009892968460917473,0.009892968460917473,0.2690998911857605,2.9290876388549805
data\BraTS2021_slice\test\Ungood\img\00002_68.png,1,0.007735829800367355,0.007735829800367355,0.2163349688053131,2.304394006729126
data\BraTS2021_slice\test\Ungood\img\00002_76.png,1,0.01176950242370367,0.01176950242370367,0.23651957511901855,2.5803184509277344
data\BraTS2021_slice\test\Ungood\img\00002_84.png,1,0.012946360744535923,0.012946360744535923,0.23022238910198212,2.5742552280426025
data\BraTS2021_slice\test\Ungood\img\00002_92.png,1,0.01103774830698967,0.01103774830698967,0.24965573847293854,2.7326066493988037
data\BraTS2021_slice\test\Ungood\img\00006_60.png,1,0.01465453952550888,0.01465453952550888,0.3723415732383728,4.518150806427002
data\BraTS2021_slice\test\Ungood\img\00006_68.png,1,0.017246076837182045,0.017246076837182045,0.3875160813331604,4.4047651290893555
data\BraTS2021_slice\test\Ungood\img\00006_76.png,1,0.019082054495811462,0.019082054495811462,0.449811726808548,5.218247413635254
data\BraTS2021_slice\test\Ungood\img\00006_84.png,1,0.01890159398317337,0.01890159398317337,0.39842772483825684,5.031005859375
data\BraTS2021_slice\test\Ungood\img\00006_92.png,1,0.018242059275507927,0.018242059275507927,0.32589542865753174,4.451491355895996
data\BraTS2021_slice\test\Ungood\img\00009_60.png,1,0.006514484528452158,0.006514484528452158,0.26372042298316956,3.004606246948242
data\BraTS2021_slice\test\Ungood\img\00009_68.png,1,0.00783155020326376,0.00783155020326376,0.3403538167476654,4.131253719329834
data\BraTS2021_slice\test\Ungood\img\00009_76.png,1,0.00727522699162364,0.00727522699162364,0.23573417961597443,2.5587615966796875
data\BraTS2021_slice\test\Ungood\img\00009_84.png,1,0.006371087860316038,0.006371087860316038,0.2413623034954071,2.54740571975708
data\BraTS2021_slice\test\Ungood\img\00009_92.png,1,0.007209386210888624,0.007209386210888624,0.32034727931022644,3.2382121086120605
data\BraTS2021_slice\test\Ungood\img\00012_60.png,1,0.008572778664529324,0.008572778664529324,0.279466837644577,3.191592216491699
data\BraTS2021_slice\test\Ungood\img\00012_68.png,1,0.010378130711615086,0.010378130711615086,0.3406628966331482,3.4606404304504395
data\BraTS2021_slice\test\Ungood\img\00012_76.png,1,0.0116345239803195,0.0116345239803195,0.3190087676048279,3.0719354152679443
data\BraTS2021_slice\test\Ungood\img\00012_84.png,1,0.011927962303161621,0.011927962303161621,0.31598278880119324,2.7505273818969727
data\BraTS2021_slice\test\Ungood\img\00012_92.png,1,0.01139119453728199,0.01139119453728199,0.3266622722148895,2.867755174636841
data\BraTS2021_slice\test\Ungood\img\00016_60.png,1,0.008372279815375805,0.008372279815375805,0.19970662891864777,2.158275842666626
data\BraTS2021_slice\test\Ungood\img\00016_68.png,1,0.009574546478688717,0.009574546478688717,0.20755834877490997,2.580303430557251
data\BraTS2021_slice\test\Ungood\img\00016_76.png,1,0.01076435949653387,0.01076435949653387,0.2160233110189438,2.793020725250244
data\BraTS2021_slice\test\Ungood\img\00016_84.png,1,0.009439753368496895,0.009439753368496895,0.2827545404434204,3.591510772705078
data\BraTS2021_slice\test\Ungood\img\00016_92.png,1,0.0054918075911700726,0.0054918075911700726,0.17067410051822662,1.8186661005020142
data\BraTS2021_slice\test\Ungood\img\00017_60.png,1,0.017595071345567703,0.017595071345567703,0.3183685839176178,4.193900108337402
data\BraTS2021_slice\test\Ungood\img\00017_68.png,1,0.014329619705677032,0.014329619705677032,0.3199547827243805,3.8355612754821777
data\BraTS2021_slice\test\Ungood\img\00017_76.png,1,0.012275200337171555,0.012275200337171555,0.3099347949028015,3.5560455322265625
data\BraTS2021_slice\test\Ungood\img\00017_84.png,1,0.014277530834078789,0.014277530834078789,0.31683969497680664,3.7949531078338623
data\BraTS2021_slice\test\Ungood\img\00017_92.png,1,0.010346494615077972,0.010346494615077972,0.32976973056793213,3.62850022315979
data\BraTS2021_slice\test\Ungood\img\00019_60.png,1,0.011056632734835148,0.011056632734835148,0.25303617119789124,2.7179951667785645
data\BraTS2021_slice\test\Ungood\img\00019_68.png,1,0.01287017110735178,0.01287017110735178,0.22322586178779602,2.324526071548462
data\BraTS2021_slice\test\Ungood\img\00019_76.png,1,0.0092965979129076,0.0092965979129076,0.19706976413726807,2.0133049488067627
data\BraTS2021_slice\test\Ungood\img\00019_84.png,1,0.009069421328604221,0.009069421328604221,0.17257218062877655,1.8128119707107544
data\BraTS2021_slice\test\Ungood\img\00019_92.png,1,0.008734640665352345,0.008734640665352345,0.16790178418159485,1.7730134725570679
data\BraTS2021_slice\test\Ungood\img\00022_60.png,1,0.011272847652435303,0.011272847652435303,0.29289716482162476,2.925732135772705
data\BraTS2021_slice\test\Ungood\img\00022_68.png,1,0.007080078125,0.007080078125,0.22780653834342957,2.3701059818267822
data\BraTS2021_slice\test\Ungood\img\00022_76.png,1,0.010495207272469997,0.010495207272469997,0.24364714324474335,2.6602065563201904
data\BraTS2021_slice\test\Ungood\img\00022_84.png,1,0.0089902114123106,0.0089902114123106,0.24675342440605164,2.7738163471221924
data\BraTS2021_slice\test\Ungood\img\00022_92.png,1,0.008717563934624195,0.008717563934624195,0.2752240300178528,3.2297580242156982
data\BraTS2021_slice\test\Ungood\img\00030_60.png,1,0.00810458604246378,0.00810458604246378,0.29137369990348816,3.5832037925720215
data\BraTS2021_slice\test\Ungood\img\00030_68.png,1,0.010489527136087418,0.010489527136087418,0.2937113046646118,3.5119874477386475
data\BraTS2021_slice\test\Ungood\img\00030_76.png,1,0.012250897474586964,0.012250897474586964,0.3368707001209259,3.8773317337036133
data\BraTS2021_slice\test\Ungood\img\00030_84.png,1,0.014575011096894741,0.014575011096894741,0.4152844250202179,4.340876579284668
data\BraTS2021_slice\test\Ungood\img\00030_92.png,1,0.01323548424988985,0.01323548424988985,0.34227389097213745,3.95223331451416
data\BraTS2021_slice\test\Ungood\img\00031_60.png,1,0.01017513033002615,0.01017513033002615,0.38661620020866394,4.201848983764648
data\BraTS2021_slice\test\Ungood\img\00031_68.png,1,0.007997236214578152,0.007997236214578152,0.22400222718715668,2.241769552230835
data\BraTS2021_slice\test\Ungood\img\00031_76.png,1,0.008078805170953274,0.008078805170953274,0.2216043621301651,2.1817004680633545
data\BraTS2021_slice\test\Ungood\img\00031_84.png,1,0.006982592400163412,0.006982592400163412,0.25946033000946045,2.5642778873443604
data\BraTS2021_slice\test\Ungood\img\00031_92.png,1,0.008530959486961365,0.008530959486961365,0.29534947872161865,2.8841333389282227
data\BraTS2021_slice\test\Ungood\img\00032_60.png,1,0.005646989215165377,0.005646989215165377,0.19023862481117249,2.17330002784729
data\BraTS2021_slice\test\Ungood\img\00032_68.png,1,0.006645828951150179,0.006645828951150179,0.2265499234199524,2.70989727973938
data\BraTS2021_slice\test\Ungood\img\00032_76.png,1,0.01035225298255682,0.01035225298255682,0.2618519961833954,3.0708723068237305
data\BraTS2021_slice\test\Ungood\img\00032_84.png,1,0.01104044821113348,0.01104044821113348,0.2897458076477051,2.9617302417755127
data\BraTS2021_slice\test\Ungood\img\00032_92.png,1,0.012057186104357243,0.012057186104357243,0.2517329156398773,2.803205728530884
data\BraTS2021_slice\test\Ungood\img\00036_60.png,1,0.012084344401955605,0.012084344401955605,0.6084907650947571,7.093002796173096
data\BraTS2021_slice\test\Ungood\img\00036_68.png,1,0.013795565813779831,0.013795565813779831,0.6291412115097046,7.372546672821045
data\BraTS2021_slice\test\Ungood\img\00036_76.png,1,0.014139094389975071,0.014139094389975071,0.645723283290863,7.5324578285217285
data\BraTS2021_slice\test\Ungood\img\00036_84.png,1,0.012730476446449757,0.012730476446449757,0.48410138487815857,5.626112937927246
data\BraTS2021_slice\test\Ungood\img\00036_92.png,1,0.011850254610180855,0.011850254610180855,0.3547070324420929,4.6220855712890625
data\BraTS2021_slice\test\Ungood\img\00048_60.png,1,0.014084184542298317,0.014084184542298317,0.4215368330478668,4.653797149658203
data\BraTS2021_slice\test\Ungood\img\00048_68.png,1,0.014292134903371334,0.014292134903371334,0.4491700530052185,4.82735013961792
data\BraTS2021_slice\test\Ungood\img\00048_76.png,1,0.014327540062367916,0.014327540062367916,0.4342542290687561,4.701938152313232
data\BraTS2021_slice\test\Ungood\img\00048_84.png,1,0.016255073249340057,0.016255073249340057,0.457086980342865,5.109731197357178
data\BraTS2021_slice\test\Ungood\img\00048_92.png,1,0.012774878181517124,0.012774878181517124,0.3547551929950714,4.6856513023376465
data\BraTS2021_slice\test\Ungood\img\00051_60.png,1,0.008648920804262161,0.008648920804262161,0.2760336995124817,3.332970142364502
data\BraTS2021_slice\test\Ungood\img\00051_68.png,1,0.011756835505366325,0.011756835505366325,0.2458927184343338,2.697697639465332
data\BraTS2021_slice\test\Ungood\img\00051_76.png,1,0.011539357714354992,0.011539357714354992,0.242459237575531,2.610275983810425
data\BraTS2021_slice\test\Ungood\img\00051_84.png,1,0.01133349072188139,0.01133349072188139,0.2511352002620697,2.774813652038574
data\BraTS2021_slice\test\Ungood\img\00051_92.png,1,0.016594380140304565,0.016594380140304565,0.2911565601825714,3.4074392318725586
data\BraTS2021_slice\test\Ungood\img\00052_60.png,1,0.008429041132330894,0.008429041132330894,0.22089339792728424,2.3623592853546143
data\BraTS2021_slice\test\Ungood\img\00052_68.png,1,0.008960327133536339,0.008960327133536339,0.23343975841999054,2.3665997982025146
data\BraTS2021_slice\test\Ungood\img\00052_76.png,1,0.009670557454228401,0.009670557454228401,0.28410032391548157,2.951056718826294
data\BraTS2021_slice\test\Ungood\img\00052_84.png,1,0.011608880013227463,0.011608880013227463,0.31140583753585815,3.1439507007598877
data\BraTS2021_slice\test\Ungood\img\00052_92.png,1,0.008963651955127716,0.008963651955127716,0.2900457978248596,3.4015285968780518
data\BraTS2021_slice\test\Ungood\img\00053_60.png,1,0.009039798751473427,0.009039798751473427,0.46187636256217957,5.398980617523193
data\BraTS2021_slice\test\Ungood\img\00053_68.png,1,0.007461282424628735,0.007461282424628735,0.4382413625717163,5.072281360626221
data\BraTS2021_slice\test\Ungood\img\00053_76.png,1,0.007109482306987047,0.007109482306987047,0.34979355335235596,4.032940864562988
data\BraTS2021_slice\test\Ungood\img\00053_84.png,1,0.009558971039950848,0.009558971039950848,0.2843678891658783,3.1825854778289795
data\BraTS2021_slice\test\Ungood\img\00053_92.png,1,0.011575458571314812,0.011575458571314812,0.239914670586586,2.6931986808776855
data\BraTS2021_slice\test\Ungood\img\00059_60.png,1,0.007580163422971964,0.007580163422971964,0.26255616545677185,2.6037044525146484
data\BraTS2021_slice\test\Ungood\img\00059_68.png,1,0.007122046779841185,0.007122046779841185,0.2265072911977768,2.2939131259918213
data\BraTS2021_slice\test\Ungood\img\00059_76.png,1,0.007336415816098452,0.007336415816098452,0.2375756800174713,2.5646603107452393
data\BraTS2021_slice\test\Ungood\img\00059_84.png,1,0.007457287050783634,0.007457287050783634,0.22862331569194794,2.3990533351898193
data\BraTS2021_slice\test\Ungood\img\00059_92.png,1,0.008322294801473618,0.008322294801473618,0.2560887932777405,2.7584726810455322
data\BraTS2021_slice\test\Ungood\img\00060_60.png,1,0.012067068368196487,0.012067068368196487,0.33065396547317505,3.2137739658355713
data\BraTS2021_slice\test\Ungood\img\00060_68.png,1,0.0126953125,0.0126953125,0.36209774017333984,3.1688287258148193
data\BraTS2021_slice\test\Ungood\img\00060_76.png,1,0.012391189113259315,0.012391189113259315,0.36762818694114685,3.3847575187683105
data\BraTS2021_slice\test\Ungood\img\00060_84.png,1,0.012017572298645973,0.012017572298645973,0.3724915385246277,3.396338701248169
data\BraTS2021_slice\test\Ungood\img\00060_92.png,1,0.011631961911916733,0.011631961911916733,0.36789029836654663,3.742384195327759
data\BraTS2021_slice\test\Ungood\img\00062_60.png,1,0.008038124069571495,0.008038124069571495,0.2475215047597885,2.273521900177002
data\BraTS2021_slice\test\Ungood\img\00062_68.png,1,0.011603744700551033,0.011603744700551033,0.284730464220047,3.7377889156341553
data\BraTS2021_slice\test\Ungood\img\00062_76.png,1,0.015462025068700314,0.015462025068700314,0.4181980490684509,5.750524997711182
data\BraTS2021_slice\test\Ungood\img\00062_84.png,1,0.014982359483838081,0.014982359483838081,0.37052759528160095,4.898436069488525
data\BraTS2021_slice\test\Ungood\img\00062_92.png,1,0.014354554936289787,0.014354554936289787,0.33092615008354187,4.329976558685303
data\BraTS2021_slice\test\Ungood\img\00064_60.png,1,0.008235902525484562,0.008235902525484562,0.19962339103221893,2.171928882598877
data\BraTS2021_slice\test\Ungood\img\00064_68.png,1,0.009092395193874836,0.009092395193874836,0.2467488795518875,2.580817461013794
data\BraTS2021_slice\test\Ungood\img\00064_76.png,1,0.012671815231442451,0.012671815231442451,0.307759553194046,3.5427463054656982
data\BraTS2021_slice\test\Ungood\img\00064_84.png,1,0.011198579333722591,0.011198579333722591,0.28314390778541565,3.1594414710998535
data\BraTS2021_slice\test\Ungood\img\00064_92.png,1,0.010736637748777866,0.010736637748777866,0.22910644114017487,2.4914467334747314
data\BraTS2021_slice\test\Ungood\img\00068_60.png,1,0.008432576432824135,0.008432576432824135,0.26213347911834717,2.9617507457733154
data\BraTS2021_slice\test\Ungood\img\00068_68.png,1,0.0095308693125844,0.0095308693125844,0.2550336420536041,2.9820263385772705
data\BraTS2021_slice\test\Ungood\img\00068_76.png,1,0.008953671902418137,0.008953671902418137,0.2702888548374176,3.1633236408233643
data\BraTS2021_slice\test\Ungood\img\00068_84.png,1,0.011056632734835148,0.011056632734835148,0.26363223791122437,3.2267584800720215
data\BraTS2021_slice\test\Ungood\img\00068_92.png,1,0.00880938395857811,0.00880938395857811,0.30135130882263184,3.2129063606262207
data\BraTS2021_slice\test\Ungood\img\00071_60.png,1,0.010461077094078064,0.010461077094078064,0.33265843987464905,3.4620156288146973
data\BraTS2021_slice\test\Ungood\img\00071_68.png,1,0.011578032746911049,0.011578032746911049,0.32848411798477173,3.4716203212738037
data\BraTS2021_slice\test\Ungood\img\00071_76.png,1,0.012932541780173779,0.012932541780173779,0.3840014636516571,3.7351553440093994
data\BraTS2021_slice\test\Ungood\img\00071_84.png,1,0.012335747480392456,0.012335747480392456,0.3828621804714203,3.83498215675354
data\BraTS2021_slice\test\Ungood\img\00071_92.png,1,0.0077589103020727634,0.0077589103020727634,0.30514127016067505,3.3144872188568115
data\BraTS2021_slice\test\Ungood\img\00077_60.png,1,0.009102222509682178,0.009102222509682178,0.29570263624191284,3.2602226734161377
data\BraTS2021_slice\test\Ungood\img\00077_68.png,1,0.007627197075635195,0.007627197075635195,0.2471729815006256,2.885817766189575
data\BraTS2021_slice\test\Ungood\img\00077_76.png,1,0.009315812960267067,0.009315812960267067,0.3209908604621887,3.401752471923828
data\BraTS2021_slice\test\Ungood\img\00077_84.png,1,0.011118454858660698,0.011118454858660698,0.3208075761795044,3.477008819580078
data\BraTS2021_slice\test\Ungood\img\00077_92.png,1,0.012453565374016762,0.012453565374016762,0.34285107254981995,3.5209009647369385
data\BraTS2021_slice\test\Ungood\img\00081_60.png,1,0.017962180078029633,0.017962180078029633,0.3985079526901245,4.724332809448242
data\BraTS2021_slice\test\Ungood\img\00081_68.png,1,0.016810283064842224,0.016810283064842224,0.38764792680740356,4.592386722564697
data\BraTS2021_slice\test\Ungood\img\00081_76.png,1,0.015916021540760994,0.015916021540760994,0.3554161489009857,4.279172420501709
data\BraTS2021_slice\test\Ungood\img\00081_84.png,1,0.017296118661761284,0.017296118661761284,0.34157490730285645,4.3142170906066895
data\BraTS2021_slice\test\Ungood\img\00081_92.png,1,0.015168188139796257,0.015168188139796257,0.369905561208725,4.588054656982422
data\BraTS2021_slice\test\Ungood\img\00084_60.png,1,0.0067878118716180325,0.0067878118716180325,0.25172558426856995,2.8000574111938477
data\BraTS2021_slice\test\Ungood\img\00084_68.png,1,0.006005065515637398,0.006005065515637398,0.24728117883205414,2.967034339904785
data\BraTS2021_slice\test\Ungood\img\00084_76.png,1,0.006185966543853283,0.006185966543853283,0.2156408727169037,2.398529291152954
data\BraTS2021_slice\test\Ungood\img\00084_84.png,1,0.009820402599871159,0.009820402599871159,0.2156939059495926,2.432879686355591
data\BraTS2021_slice\test\Ungood\img\00084_92.png,1,0.00927734375,0.00927734375,0.2718499004840851,3.3846170902252197
data\BraTS2021_slice\test\Ungood\img\00087_60.png,1,0.006623369175940752,0.006623369175940752,0.2639079689979553,2.8573837280273438
data\BraTS2021_slice\test\Ungood\img\00087_68.png,1,0.0078657241538167,0.0078657241538167,0.2807939946651459,2.8212387561798096
data\BraTS2021_slice\test\Ungood\img\00087_76.png,1,0.00845727976411581,0.00845727976411581,0.2868613302707672,3.0402936935424805
data\BraTS2021_slice\test\Ungood\img\00087_84.png,1,0.007564420811831951,0.007564420811831951,0.2941102385520935,3.2664566040039062
data\BraTS2021_slice\test\Ungood\img\00087_92.png,1,0.007685584016144276,0.007685584016144276,0.26626694202423096,3.0314698219299316
data\BraTS2021_slice\test\Ungood\img\00088_60.png,1,0.009095671586692333,0.009095671586692333,0.20537394285202026,2.47442626953125
data\BraTS2021_slice\test\Ungood\img\00088_68.png,1,0.012709389440715313,0.012709389440715313,0.22895829379558563,2.6169393062591553
data\BraTS2021_slice\test\Ungood\img\00088_76.png,1,0.010869056917726994,0.010869056917726994,0.24353590607643127,2.6675379276275635
data\BraTS2021_slice\test\Ungood\img\00088_84.png,1,0.011728918179869652,0.011728918179869652,0.23135927319526672,2.585430860519409
data\BraTS2021_slice\test\Ungood\img\00088_92.png,1,0.011792270466685295,0.011792270466685295,0.2264316976070404,2.8833236694335938
data\BraTS2021_slice\test\Ungood\img\00095_60.png,1,0.011690742336213589,0.011690742336213589,0.5376339554786682,6.061822891235352
data\BraTS2021_slice\test\Ungood\img\00095_68.png,1,0.013086028397083282,0.013086028397083282,0.5501043200492859,6.502131462097168
data\BraTS2021_slice\test\Ungood\img\00095_76.png,1,0.011950427666306496,0.011950427666306496,0.5153264999389648,6.398702144622803
data\BraTS2021_slice\test\Ungood\img\00095_84.png,1,0.014455929398536682,0.014455929398536682,0.48229917883872986,5.883038520812988
data\BraTS2021_slice\test\Ungood\img\00095_92.png,1,0.014462112449109554,0.014462112449109554,0.43899640440940857,4.965052604675293
data\BraTS2021_slice\test\Ungood\img\00096_60.png,1,0.014896580018103123,0.014896580018103123,0.31257644295692444,3.8528389930725098
data\BraTS2021_slice\test\Ungood\img\00096_68.png,1,0.013564642518758774,0.013564642518758774,0.32510077953338623,3.8233530521392822
data\BraTS2021_slice\test\Ungood\img\00096_76.png,1,0.014727569185197353,0.014727569185197353,0.351281076669693,3.9630250930786133
data\BraTS2021_slice\test\Ungood\img\00096_84.png,1,0.010882758535444736,0.010882758535444736,0.2902599573135376,3.5174269676208496
data\BraTS2021_slice\test\Ungood\img\00096_92.png,1,0.011134525761008263,0.011134525761008263,0.2525847256183624,3.2429375648498535
data\BraTS2021_slice\test\Ungood\img\00099_60.png,1,0.007246495224535465,0.007246495224535465,0.24797584116458893,2.659414529800415
data\BraTS2021_slice\test\Ungood\img\00099_68.png,1,0.009105496108531952,0.009105496108531952,0.2977929711341858,3.29885196685791
data\BraTS2021_slice\test\Ungood\img\00099_76.png,1,0.009552733041346073,0.009552733041346073,0.38454192876815796,3.808180093765259
data\BraTS2021_slice\test\Ungood\img\00099_84.png,1,0.011351882480084896,0.011351882480084896,0.3838256895542145,4.270420551300049
data\BraTS2021_slice\test\Ungood\img\00099_92.png,1,0.01239599846303463,0.01239599846303463,0.390183687210083,4.614331245422363
data\BraTS2021_slice\test\Ungood\img\00103_60.png,1,0.009944048710167408,0.009944048710167408,0.31740203499794006,3.692307710647583
data\BraTS2021_slice\test\Ungood\img\00103_68.png,1,0.01043826062232256,0.01043826062232256,0.2809877097606659,2.797013998031616
data\BraTS2021_slice\test\Ungood\img\00103_76.png,1,0.012323661707341671,0.012323661707341671,0.3651435375213623,3.1747899055480957
data\BraTS2021_slice\test\Ungood\img\00103_84.png,1,0.009738120250403881,0.009738120250403881,0.36599746346473694,3.402836799621582
data\BraTS2021_slice\test\Ungood\img\00103_92.png,1,0.009883927181363106,0.009883927181363106,0.3664124310016632,3.440185308456421
data\BraTS2021_slice\test\Ungood\img\00105_60.png,1,0.007046323269605637,0.007046323269605637,0.21328100562095642,2.388758659362793
data\BraTS2021_slice\test\Ungood\img\00105_68.png,1,0.006956936791539192,0.006956936791539192,0.2097223401069641,2.6731162071228027
data\BraTS2021_slice\test\Ungood\img\00105_76.png,1,0.006324137561023235,0.006324137561023235,0.13499648869037628,1.640802025794983
data\BraTS2021_slice\test\Ungood\img\00105_84.png,1,0.006079052574932575,0.006079052574932575,0.13125959038734436,1.5848809480667114
data\BraTS2021_slice\test\Ungood\img\00105_92.png,1,0.0070124054327607155,0.0070124054327607155,0.1292925626039505,1.5419390201568604
data\BraTS2021_slice\test\Ungood\img\00106_60.png,1,0.008488934487104416,0.008488934487104416,0.2586359679698944,2.933048963546753
data\BraTS2021_slice\test\Ungood\img\00106_68.png,1,0.009630411863327026,0.009630411863327026,0.2466469556093216,3.014437198638916
data\BraTS2021_slice\test\Ungood\img\00106_76.png,1,0.012501334771513939,0.012501334771513939,0.2517356276512146,2.9403669834136963
data\BraTS2021_slice\test\Ungood\img\00106_84.png,1,0.013732774183154106,0.013732774183154106,0.3266012966632843,3.2837185859680176
data\BraTS2021_slice\test\Ungood\img\00106_92.png,1,0.012596331536769867,0.012596331536769867,0.30038291215896606,2.979048728942871
data\BraTS2021_slice\test\Ungood\img\00107_60.png,1,0.007250606548041105,0.007250606548041105,0.2013552486896515,2.5514073371887207
data\BraTS2021_slice\test\Ungood\img\00107_68.png,1,0.0054918075911700726,0.0054918075911700726,0.15641702711582184,1.9138922691345215
data\BraTS2021_slice\test\Ungood\img\00107_76.png,1,0.006477782968431711,0.006477782968431711,0.12044770270586014,1.4621440172195435
data\BraTS2021_slice\test\Ungood\img\00107_84.png,1,0.010294515639543533,0.010294515639543533,0.14733125269412994,1.852517008781433
data\BraTS2021_slice\test\Ungood\img\00107_92.png,1,0.011977829039096832,0.011977829039096832,0.16536089777946472,2.0733330249786377
data\BraTS2021_slice\test\Ungood\img\00109_60.png,1,0.007279322016984224,0.007279322016984224,0.23652321100234985,2.6706767082214355
data\BraTS2021_slice\test\Ungood\img\00109_68.png,1,0.006342959590256214,0.006342959590256214,0.17531195282936096,2.167381763458252
data\BraTS2021_slice\test\Ungood\img\00109_76.png,1,0.006319423206150532,0.006319423206150532,0.1432088017463684,1.8103502988815308
data\BraTS2021_slice\test\Ungood\img\00109_84.png,1,0.006560072768479586,0.006560072768479586,0.13132062554359436,1.498854160308838
data\BraTS2021_slice\test\Ungood\img\00109_92.png,1,0.006300531327724457,0.006300531327724457,0.1357058882713318,1.4731463193893433
data\BraTS2021_slice\test\Ungood\img\00111_60.png,1,0.010655836202204227,0.010655836202204227,0.20247101783752441,2.4435014724731445
data\BraTS2021_slice\test\Ungood\img\00111_68.png,1,0.013054105453193188,0.013054105453193188,0.23679254949092865,2.9462316036224365
data\BraTS2021_slice\test\Ungood\img\00111_76.png,1,0.014252460561692715,0.014252460561692715,0.21901005506515503,2.811174154281616
data\BraTS2021_slice\test\Ungood\img\00111_84.png,1,0.012287333607673645,0.012287333607673645,0.20889711380004883,2.5768396854400635
data\BraTS2021_slice\test\Ungood\img\00111_92.png,1,0.0056311339139938354,0.0056311339139938354,0.14601220190525055,1.6761081218719482
data\BraTS2021_slice\test\Ungood\img\00112_60.png,1,0.010429692454636097,0.010429692454636097,0.1878218650817871,2.1419763565063477
data\BraTS2021_slice\test\Ungood\img\00112_68.png,1,0.009997849352657795,0.009997849352657795,0.19775010645389557,2.2562036514282227
data\BraTS2021_slice\test\Ungood\img\00112_76.png,1,0.010472466237843037,0.010472466237843037,0.1945856660604477,2.2835772037506104
data\BraTS2021_slice\test\Ungood\img\00112_84.png,1,0.00866613257676363,0.00866613257676363,0.17927443981170654,2.023686170578003
data\BraTS2021_slice\test\Ungood\img\00112_92.png,1,0.008071423508226871,0.008071423508226871,0.12551946938037872,1.4114984273910522
data\BraTS2021_slice\test\Ungood\img\00115_60.png,1,0.006618868093937635,0.006618868093937635,0.2174282968044281,2.724729061126709
data\BraTS2021_slice\test\Ungood\img\00115_68.png,1,0.006156992167234421,0.006156992167234421,0.15254661440849304,1.7756693363189697
data\BraTS2021_slice\test\Ungood\img\00115_76.png,1,0.007122046779841185,0.007122046779841185,0.16136565804481506,2.0234172344207764
data\BraTS2021_slice\test\Ungood\img\00115_84.png,1,0.006699425168335438,0.006699425168335438,0.15621116757392883,1.9631028175354004
data\BraTS2021_slice\test\Ungood\img\00115_92.png,1,0.005689052864909172,0.005689052864909172,0.1504274308681488,1.8385266065597534
data\BraTS2021_slice\test\Ungood\img\00116_60.png,1,0.009306210093200207,0.009306210093200207,0.15375056862831116,1.8347885608673096
data\BraTS2021_slice\test\Ungood\img\00116_68.png,1,0.008322294801473618,0.008322294801473618,0.14011694490909576,1.7278298139572144
data\BraTS2021_slice\test\Ungood\img\00116_76.png,1,0.00870045367628336,0.00870045367628336,0.19194571673870087,2.237103223800659
data\BraTS2021_slice\test\Ungood\img\00116_84.png,1,0.00820326991379261,0.00820326991379261,0.24001021683216095,2.6718902587890625
data\BraTS2021_slice\test\Ungood\img\00116_92.png,1,0.010907377116382122,0.010907377116382122,0.27297744154930115,3.134998083114624
data\BraTS2021_slice\test\Ungood\img\00117_60.png,1,0.007835354655981064,0.007835354655981064,0.2883433699607849,3.0983290672302246
data\BraTS2021_slice\test\Ungood\img\00117_68.png,1,0.008693600073456764,0.008693600073456764,0.23007120192050934,2.4929556846618652
data\BraTS2021_slice\test\Ungood\img\00117_76.png,1,0.009411296807229519,0.009411296807229519,0.192307248711586,2.121471881866455
data\BraTS2021_slice\test\Ungood\img\00117_84.png,1,0.009871859103441238,0.009871859103441238,0.18963587284088135,2.222144365310669
data\BraTS2021_slice\test\Ungood\img\00117_92.png,1,0.009790008887648582,0.009790008887648582,0.2125488966703415,2.5650908946990967
data\BraTS2021_slice\test\Ungood\img\00121_60.png,1,0.008045535534620285,0.008045535534620285,0.29707834124565125,2.914435625076294
data\BraTS2021_slice\test\Ungood\img\00121_68.png,1,0.007929873652756214,0.007929873652756214,0.2199176698923111,2.3844354152679443
data\BraTS2021_slice\test\Ungood\img\00121_76.png,1,0.007873298600316048,0.007873298600316048,0.24700281023979187,2.7176666259765625
data\BraTS2021_slice\test\Ungood\img\00121_84.png,1,0.008873428218066692,0.008873428218066692,0.18681488931179047,2.1319963932037354
data\BraTS2021_slice\test\Ungood\img\00121_92.png,1,0.007869512774050236,0.007869512774050236,0.18725590407848358,2.0872607231140137
data\BraTS2021_slice\test\Ungood\img\00123_60.png,1,0.009599415585398674,0.009599415585398674,0.21503978967666626,2.2949135303497314
data\BraTS2021_slice\test\Ungood\img\00123_68.png,1,0.009655136615037918,0.009655136615037918,0.22016510367393494,2.5688135623931885
data\BraTS2021_slice\test\Ungood\img\00123_76.png,1,0.011190592311322689,0.011190592311322689,0.24221788346767426,2.8215041160583496
data\BraTS2021_slice\test\Ungood\img\00123_84.png,1,0.011960399337112904,0.011960399337112904,0.27694302797317505,3.282062530517578
data\BraTS2021_slice\test\Ungood\img\00123_92.png,1,0.014735661447048187,0.014735661447048187,0.3543005883693695,4.020845413208008
data\BraTS2021_slice\test\Ungood\img\00124_60.png,1,0.027470974251627922,0.027470974251627922,0.4157524108886719,5.463963508605957
data\BraTS2021_slice\test\Ungood\img\00124_68.png,1,0.024395745247602463,0.024395745247602463,0.41240939497947693,5.418550491333008
data\BraTS2021_slice\test\Ungood\img\00124_76.png,1,0.024284323677420616,0.024284323677420616,0.42743316292762756,5.495742321014404
data\BraTS2021_slice\test\Ungood\img\00124_84.png,1,0.023052874952554703,0.023052874952554703,0.3832007348537445,5.205552101135254
data\BraTS2021_slice\test\Ungood\img\00124_92.png,1,0.012833068147301674,0.012833068147301674,0.22002923488616943,3.117277145385742
data\BraTS2021_slice\test\Ungood\img\00126_60.png,1,0.010033556260168552,0.010033556260168552,0.20575855672359467,2.6331753730773926
data\BraTS2021_slice\test\Ungood\img\00126_68.png,1,0.01239599846303463,0.01239599846303463,0.20183883607387543,2.7807629108428955
data\BraTS2021_slice\test\Ungood\img\00126_76.png,1,0.01861562207341194,0.01861562207341194,0.38130778074264526,5.155848026275635
data\BraTS2021_slice\test\Ungood\img\00126_84.png,1,0.021923772990703583,0.021923772990703583,0.3447776734828949,5.1186676025390625
data\BraTS2021_slice\test\Ungood\img\00126_92.png,1,0.01834631897509098,0.01834631897509098,0.3545680344104767,5.35781192779541
data\BraTS2021_slice\test\Ungood\img\00128_60.png,1,0.011312434449791908,0.011312434449791908,0.3050001263618469,3.2997682094573975
data\BraTS2021_slice\test\Ungood\img\00128_68.png,1,0.013311821967363358,0.013311821967363358,0.2466963231563568,2.786166191101074
data\BraTS2021_slice\test\Ungood\img\00128_76.png,1,0.01117726881057024,0.01117726881057024,0.2118358016014099,2.3856189250946045
data\BraTS2021_slice\test\Ungood\img\00128_84.png,1,0.0098809115588665,0.0098809115588665,0.17600606381893158,2.009688377380371
data\BraTS2021_slice\test\Ungood\img\00128_92.png,1,0.010224800556898117,0.010224800556898117,0.18320900201797485,2.049375534057617
data\BraTS2021_slice\test\Ungood\img\00130_60.png,1,0.011438190005719662,0.011438190005719662,0.23211552202701569,2.994961977005005
data\BraTS2021_slice\test\Ungood\img\00130_68.png,1,0.013140573166310787,0.013140573166310787,0.27725863456726074,3.41054368019104
data\BraTS2021_slice\test\Ungood\img\00130_76.png,1,0.01264827512204647,0.01264827512204647,0.29093489050865173,3.3344805240631104
data\BraTS2021_slice\test\Ungood\img\00130_84.png,1,0.011474609375,0.011474609375,0.2779525816440582,3.0472347736358643
data\BraTS2021_slice\test\Ungood\img\00130_92.png,1,0.011193254962563515,0.011193254962563515,0.23744185268878937,3.023160219192505
data\BraTS2021_slice\test\Ungood\img\00131_60.png,1,0.008418427780270576,0.008418427780270576,0.21873950958251953,2.536806106567383
data\BraTS2021_slice\test\Ungood\img\00131_68.png,1,0.014617888256907463,0.014617888256907463,0.35014593601226807,4.133663654327393
data\BraTS2021_slice\test\Ungood\img\00131_76.png,1,0.016610536724328995,0.016610536724328995,0.37628161907196045,4.484013080596924
data\BraTS2021_slice\test\Ungood\img\00131_84.png,1,0.017627224326133728,0.017627224326133728,0.40289080142974854,4.754780292510986
data\BraTS2021_slice\test\Ungood\img\00131_92.png,1,0.019057048484683037,0.019057048484683037,0.3803984522819519,4.785576343536377
data\BraTS2021_slice\test\Ungood\img\00132_60.png,1,0.012386377900838852,0.012386377900838852,0.25239622592926025,2.7023820877075195
data\BraTS2021_slice\test\Ungood\img\00132_68.png,1,0.010636240243911743,0.010636240243911743,0.2089795172214508,2.3909695148468018
data\BraTS2021_slice\test\Ungood\img\00132_76.png,1,0.01149277575314045,0.01149277575314045,0.26107922196388245,2.954514741897583
data\BraTS2021_slice\test\Ungood\img\00132_84.png,1,0.011797323822975159,0.011797323822975159,0.20688365399837494,2.7488505840301514
data\BraTS2021_slice\test\Ungood\img\00132_92.png,1,0.010574418120086193,0.010574418120086193,0.25961628556251526,3.3858816623687744
data\BraTS2021_slice\test\Ungood\img\00133_60.png,1,0.009309411980211735,0.009309411980211735,0.2260260432958603,2.5985326766967773
data\BraTS2021_slice\test\Ungood\img\00133_68.png,1,0.007899750955402851,0.007899750955402851,0.1667766571044922,1.9882497787475586
data\BraTS2021_slice\test\Ungood\img\00133_76.png,1,0.0068967025727033615,0.0068967025727033615,0.1654834896326065,2.077162504196167
data\BraTS2021_slice\test\Ungood\img\00133_84.png,1,0.006779025308787823,0.006779025308787823,0.1841105818748474,2.229457378387451
data\BraTS2021_slice\test\Ungood\img\00133_92.png,1,0.007739681284874678,0.007739681284874678,0.17701558768749237,2.2223825454711914
data\BraTS2021_slice\test\Ungood\img\00134_60.png,1,0.011070101521909237,0.011070101521909237,0.3023199141025543,3.224705696105957
data\BraTS2021_slice\test\Ungood\img\00134_68.png,1,0.010480999946594238,0.010480999946594238,0.2982775568962097,3.128760576248169
data\BraTS2021_slice\test\Ungood\img\00134_76.png,1,0.011459015309810638,0.011459015309810638,0.30846497416496277,3.064851999282837
data\BraTS2021_slice\test\Ungood\img\00134_84.png,1,0.010980901308357716,0.010980901308357716,0.3008092939853668,3.0690431594848633
data\BraTS2021_slice\test\Ungood\img\00134_92.png,1,0.011521264910697937,0.011521264910697937,0.26783496141433716,2.987426519393921
data\BraTS2021_slice\test\Ungood\img\00137_60.png,1,0.013806362636387348,0.013806362636387348,0.38509833812713623,4.447197914123535
data\BraTS2021_slice\test\Ungood\img\00137_68.png,1,0.013487526215612888,0.013487526215612888,0.317213773727417,3.544860601425171
data\BraTS2021_slice\test\Ungood\img\00137_76.png,1,0.013812837190926075,0.013812837190926075,0.3675122857093811,4.120652198791504
data\BraTS2021_slice\test\Ungood\img\00137_84.png,1,0.015571502968668938,0.015571502968668938,0.32147446274757385,4.2038679122924805
data\BraTS2021_slice\test\Ungood\img\00137_92.png,1,0.012800514698028564,0.012800514698028564,0.2972310483455658,4.293463706970215
data\BraTS2021_slice\test\Ungood\img\00138_60.png,1,0.009414462372660637,0.009414462372660637,0.1877526342868805,2.060201644897461
data\BraTS2021_slice\test\Ungood\img\00138_68.png,1,0.010072095319628716,0.010072095319628716,0.1817609816789627,1.896547794342041
data\BraTS2021_slice\test\Ungood\img\00138_76.png,1,0.00940496101975441,0.00940496101975441,0.18584123253822327,2.0013487339019775
data\BraTS2021_slice\test\Ungood\img\00138_84.png,1,0.009235488250851631,0.009235488250851631,0.23183876276016235,2.703618049621582
data\BraTS2021_slice\test\Ungood\img\00138_92.png,1,0.010610993020236492,0.010610993020236492,0.29331913590431213,3.585254669189453
data\BraTS2021_slice\test\Ungood\img\00142_60.png,1,0.006632362026721239,0.006632362026721239,0.20376098155975342,2.4732911586761475
data\BraTS2021_slice\test\Ungood\img\00142_68.png,1,0.005497231613844633,0.005497231613844633,0.15374241769313812,1.8894528150558472
data\BraTS2021_slice\test\Ungood\img\00142_76.png,1,0.0057515716180205345,0.0057515716180205345,0.13838188350200653,1.7326372861862183
data\BraTS2021_slice\test\Ungood\img\00142_84.png,1,0.005894871428608894,0.005894871428608894,0.15652669966220856,1.9009941816329956
data\BraTS2021_slice\test\Ungood\img\00142_92.png,1,0.007092694751918316,0.007092694751918316,0.1290803998708725,1.4901158809661865
data\BraTS2021_slice\test\Ungood\img\00143_60.png,1,0.010395346209406853,0.010395346209406853,0.323319673538208,3.3729875087738037
data\BraTS2021_slice\test\Ungood\img\00143_68.png,1,0.011209218762814999,0.011209218762814999,0.2799491286277771,3.0139729976654053
data\BraTS2021_slice\test\Ungood\img\00143_76.png,1,0.012034919112920761,0.012034919112920761,0.30340373516082764,3.224066972732544
data\BraTS2021_slice\test\Ungood\img\00143_84.png,1,0.012429611757397652,0.012429611757397652,0.32485654950141907,3.390734910964966
data\BraTS2021_slice\test\Ungood\img\00143_92.png,1,0.011523851193487644,0.011523851193487644,0.2879897356033325,3.4915080070495605
data\BraTS2021_slice\test\Ungood\img\00147_60.png,1,0.01292332075536251,0.01292332075536251,0.32137781381607056,4.0444512367248535
data\BraTS2021_slice\test\Ungood\img\00147_68.png,1,0.015227017924189568,0.015227017924189568,0.3701276481151581,4.020958423614502
data\BraTS2021_slice\test\Ungood\img\00147_76.png,1,0.015160326845943928,0.015160326845943928,0.3643336892127991,4.025811672210693
data\BraTS2021_slice\test\Ungood\img\00147_84.png,1,0.01575227454304695,0.01575227454304695,0.4045957326889038,4.610728740692139
data\BraTS2021_slice\test\Ungood\img\00147_92.png,1,0.01832030899822712,0.01832030899822712,0.4555985629558563,5.410966396331787
data\BraTS2021_slice\test\Ungood\img\00150_60.png,1,0.0100424624979496,0.0100424624979496,0.1897575706243515,2.156003713607788
data\BraTS2021_slice\test\Ungood\img\00150_68.png,1,0.011026943102478981,0.011026943102478981,0.18793612718582153,2.0457499027252197
data\BraTS2021_slice\test\Ungood\img\00150_76.png,1,0.010833353735506535,0.010833353735506535,0.18916374444961548,2.1020684242248535
data\BraTS2021_slice\test\Ungood\img\00150_84.png,1,0.01371974777430296,0.01371974777430296,0.19044648110866547,2.26870059967041
data\BraTS2021_slice\test\Ungood\img\00150_92.png,1,0.010880019515752792,0.010880019515752792,0.18299032747745514,2.301379442214966
data\BraTS2021_slice\test\Ungood\img\00151_60.png,1,0.00856930110603571,0.00856930110603571,0.24227012693881989,2.6031546592712402
data\BraTS2021_slice\test\Ungood\img\00151_68.png,1,0.011338748969137669,0.011338748969137669,0.2225988507270813,2.3552486896514893
data\BraTS2021_slice\test\Ungood\img\00151_76.png,1,0.01124372985213995,0.01124372985213995,0.2086421251296997,2.171109676361084
data\BraTS2021_slice\test\Ungood\img\00151_84.png,1,0.010769895277917385,0.010769895277917385,0.20793326199054718,2.228956937789917
data\BraTS2021_slice\test\Ungood\img\00151_92.png,1,0.01170093473047018,0.01170093473047018,0.22453702986240387,2.424670934677124
data\BraTS2021_slice\test\Ungood\img\00154_60.png,1,0.014455929398536682,0.014455929398536682,0.351235955953598,4.361727237701416
data\BraTS2021_slice\test\Ungood\img\00154_68.png,1,0.01112381462007761,0.01112381462007761,0.2861787676811218,3.692309617996216
data\BraTS2021_slice\test\Ungood\img\00154_76.png,1,0.01399077009409666,0.01399077009409666,0.34281280636787415,4.364883899688721
data\BraTS2021_slice\test\Ungood\img\00154_84.png,1,0.012700006365776062,0.012700006365776062,0.3345944583415985,4.477458477020264
data\BraTS2021_slice\test\Ungood\img\00154_92.png,1,0.010189764201641083,0.010189764201641083,0.2872695028781891,4.11906623840332
data\BraTS2021_slice\test\Ungood\img\00156_60.png,1,0.01230914331972599,0.01230914331972599,0.276650607585907,3.3048863410949707
data\BraTS2021_slice\test\Ungood\img\00156_68.png,1,0.0172149445861578,0.0172149445861578,0.3254730999469757,4.376457691192627
data\BraTS2021_slice\test\Ungood\img\00156_76.png,1,0.015320675447583199,0.015320675447583199,0.39153411984443665,5.179750919342041
data\BraTS2021_slice\test\Ungood\img\00156_84.png,1,0.015228974632918835,0.015228974632918835,0.36837050318717957,4.987452030181885
data\BraTS2021_slice\test\Ungood\img\00156_92.png,1,0.01565929502248764,0.01565929502248764,0.336261510848999,4.626363277435303
data\BraTS2021_slice\test\Ungood\img\00158_60.png,1,0.016233056783676147,0.016233056783676147,0.37788957357406616,4.859257221221924
data\BraTS2021_slice\test\Ungood\img\00158_68.png,1,0.013853770680725574,0.013853770680725574,0.38393428921699524,4.361541748046875
data\BraTS2021_slice\test\Ungood\img\00158_76.png,1,0.01247986126691103,0.01247986126691103,0.37113144993782043,4.676870822906494
data\BraTS2021_slice\test\Ungood\img\00158_84.png,1,0.016068831086158752,0.016068831086158752,0.40444308519363403,5.115011215209961
data\BraTS2021_slice\test\Ungood\img\00158_92.png,1,0.014273355714976788,0.014273355714976788,0.39579200744628906,5.289826393127441
data\BraTS2021_slice\test\Ungood\img\00159_60.png,1,0.006805351469665766,0.006805351469665766,0.2329866588115692,2.7524056434631348
data\BraTS2021_slice\test\Ungood\img\00159_68.png,1,0.014227345585823059,0.014227345585823059,0.3380303382873535,4.891560077667236
data\BraTS2021_slice\test\Ungood\img\00159_76.png,1,0.017716603353619576,0.017716603353619576,0.4773361086845398,6.729532241821289
data\BraTS2021_slice\test\Ungood\img\00159_84.png,1,0.02037806622684002,0.02037806622684002,0.5279886722564697,7.209774017333984
data\BraTS2021_slice\test\Ungood\img\00159_92.png,1,0.024050019681453705,0.024050019681453705,0.5269151329994202,6.719952583312988
data\BraTS2021_slice\test\Ungood\img\00160_60.png,1,0.011802375316619873,0.011802375316619873,0.305195152759552,3.873196840286255
data\BraTS2021_slice\test\Ungood\img\00160_68.png,1,0.012106520123779774,0.012106520123779774,0.30549541115760803,3.48777437210083
data\BraTS2021_slice\test\Ungood\img\00160_76.png,1,0.013133767060935497,0.013133767060935497,0.34664130210876465,3.789293050765991
data\BraTS2021_slice\test\Ungood\img\00160_84.png,1,0.014143308624625206,0.014143308624625206,0.3601650595664978,3.955839157104492
data\BraTS2021_slice\test\Ungood\img\00160_92.png,1,0.01544466894119978,0.01544466894119978,0.3802063465118408,4.545323371887207
data\BraTS2021_slice\test\Ungood\img\00167_60.png,1,0.0062768361531198025,0.0062768361531198025,0.22007988393306732,2.5016732215881348
data\BraTS2021_slice\test\Ungood\img\00167_68.png,1,0.0073890360072255135,0.0073890360072255135,0.19320718944072723,2.1017487049102783
data\BraTS2021_slice\test\Ungood\img\00167_76.png,1,0.00870045367628336,0.00870045367628336,0.23166681826114655,2.5011372566223145
data\BraTS2021_slice\test\Ungood\img\00167_84.png,1,0.010274231433868408,0.010274231433868408,0.2341897189617157,2.7419943809509277
data\BraTS2021_slice\test\Ungood\img\00167_92.png,1,0.010089833289384842,0.010089833289384842,0.2509576976299286,2.994675874710083
data\BraTS2021_slice\test\Ungood\img\00176_60.png,1,0.016381090506911278,0.016381090506911278,0.3851812481880188,4.748201847076416
data\BraTS2021_slice\test\Ungood\img\00176_68.png,1,0.015183898620307446,0.015183898620307446,0.3687458038330078,4.596929550170898
data\BraTS2021_slice\test\Ungood\img\00176_76.png,1,0.01223142072558403,0.01223142072558403,0.3736409842967987,4.1960296630859375
data\BraTS2021_slice\test\Ungood\img\00176_84.png,1,0.012170354835689068,0.012170354835689068,0.3342013359069824,4.005526065826416
data\BraTS2021_slice\test\Ungood\img\00176_92.png,1,0.008617852814495564,0.008617852814495564,0.3093023896217346,3.8694987297058105
data\BraTS2021_slice\test\Ungood\img\00178_60.png,1,0.01310196053236723,0.01310196053236723,0.30373841524124146,3.8499858379364014
data\BraTS2021_slice\test\Ungood\img\00178_68.png,1,0.01606326550245285,0.01606326550245285,0.4242294132709503,4.674016952514648
data\BraTS2021_slice\test\Ungood\img\00178_76.png,1,0.016061410307884216,0.016061410307884216,0.3717719316482544,4.294919490814209
data\BraTS2021_slice\test\Ungood\img\00178_84.png,1,0.016111431643366814,0.016111431643366814,0.38354554772377014,4.421144485473633
data\BraTS2021_slice\test\Ungood\img\00178_92.png,1,0.015246577560901642,0.015246577560901642,0.3320692777633667,4.148970127105713
data\BraTS2021_slice\test\Ungood\img\00183_60.png,1,0.0116191441193223,0.0116191441193223,0.3038608133792877,4.163722515106201
data\BraTS2021_slice\test\Ungood\img\00183_68.png,1,0.01481030322611332,0.01481030322611332,0.4903266131877899,6.867396354675293
data\BraTS2021_slice\test\Ungood\img\00183_76.png,1,0.017277155071496964,0.017277155071496964,0.5014126896858215,6.431156635284424
data\BraTS2021_slice\test\Ungood\img\00183_84.png,1,0.01734085939824581,0.01734085939824581,0.5369871854782104,6.539726734161377
data\BraTS2021_slice\test\Ungood\img\00183_92.png,1,0.019921036437153816,0.019921036437153816,0.4694184958934784,5.3739471435546875
data\BraTS2021_slice\test\Ungood\img\00184_60.png,1,0.01713164523243904,0.01713164523243904,0.32660576701164246,4.450965404510498
data\BraTS2021_slice\test\Ungood\img\00184_68.png,1,0.015097290277481079,0.015097290277481079,0.4252547323703766,5.1695122718811035
data\BraTS2021_slice\test\Ungood\img\00184_76.png,1,0.013327484019100666,0.013327484019100666,0.40384095907211304,5.165515899658203
data\BraTS2021_slice\test\Ungood\img\00184_84.png,1,0.013988640159368515,0.013988640159368515,0.4155970513820648,5.247635364532471
data\BraTS2021_slice\test\Ungood\img\00184_92.png,1,0.012957865372300148,0.012957865372300148,0.26346343755722046,3.7003324031829834
data\BraTS2021_slice\test\Ungood\img\00185_60.png,1,0.007997236214578152,0.007997236214578152,0.23113620281219482,2.811026096343994
data\BraTS2021_slice\test\Ungood\img\00185_68.png,1,0.006712757516652346,0.006712757516652346,0.22314046323299408,2.803133249282837
data\BraTS2021_slice\test\Ungood\img\00185_76.png,1,0.009385929442942142,0.009385929442942142,0.33039212226867676,3.762195587158203
data\BraTS2021_slice\test\Ungood\img\00185_84.png,1,0.008530959486961365,0.008530959486961365,0.3150140643119812,3.5246706008911133
data\BraTS2021_slice\test\Ungood\img\00185_92.png,1,0.010160475037992,0.010160475037992,0.27013495564460754,3.507068634033203
data\BraTS2021_slice\test\Ungood\img\00187_60.png,1,0.008534451946616173,0.008534451946616173,0.23522160947322845,2.548325777053833
data\BraTS2021_slice\test\Ungood\img\00187_68.png,1,0.013367674313485622,0.013367674313485622,0.23910237848758698,3.148378849029541
data\BraTS2021_slice\test\Ungood\img\00187_76.png,1,0.01715945638716221,0.01715945638716221,0.46077948808670044,6.3666300773620605
data\BraTS2021_slice\test\Ungood\img\00187_84.png,1,0.01772669330239296,0.01772669330239296,0.47966131567955017,6.195234775543213
data\BraTS2021_slice\test\Ungood\img\00187_92.png,1,0.018647613003849983,0.018647613003849983,0.4917231798171997,6.0252580642700195
data\BraTS2021_slice\test\Ungood\img\00191_60.png,1,0.016437392681837082,0.016437392681837082,0.34173718094825745,4.004142761230469
data\BraTS2021_slice\test\Ungood\img\00191_68.png,1,0.01665353961288929,0.01665353961288929,0.36228692531585693,4.147156715393066
data\BraTS2021_slice\test\Ungood\img\00191_76.png,1,0.013903160579502583,0.013903160579502583,0.36769336462020874,4.569040298461914
data\BraTS2021_slice\test\Ungood\img\00191_84.png,1,0.011320334859192371,0.011320334859192371,0.3362843692302704,4.351154327392578
data\BraTS2021_slice\test\Ungood\img\00191_92.png,1,0.007974845357239246,0.007974845357239246,0.1914227455854416,2.6758832931518555
data\BraTS2021_slice\test\Ungood\img\00201_60.png,1,0.0068967025727033615,0.0068967025727033615,0.24069440364837646,2.701197385787964
data\BraTS2021_slice\test\Ungood\img\00201_68.png,1,0.011850254610180855,0.011850254610180855,0.32314419746398926,4.01754093170166
data\BraTS2021_slice\test\Ungood\img\00201_76.png,1,0.015485137701034546,0.015485137701034546,0.39142686128616333,5.117885589599609
data\BraTS2021_slice\test\Ungood\img\00201_84.png,1,0.01678544469177723,0.01678544469177723,0.4243839979171753,5.511682033538818
data\BraTS2021_slice\test\Ungood\img\00201_92.png,1,0.020173758268356323,0.020173758268356323,0.4964514672756195,6.465720176696777
data\BraTS2021_slice\test\Ungood\img\00203_60.png,1,0.024754703044891357,0.024754703044891357,0.4965561628341675,6.826552391052246
data\BraTS2021_slice\test\Ungood\img\00203_68.png,1,0.017869025468826294,0.017869025468826294,0.4335550367832184,5.908299446105957
data\BraTS2021_slice\test\Ungood\img\00203_76.png,1,0.01569920964539051,0.01569920964539051,0.4432293474674225,5.543379783630371
data\BraTS2021_slice\test\Ungood\img\00203_84.png,1,0.01465657353401184,0.01465657353401184,0.4242594838142395,5.689968585968018
data\BraTS2021_slice\test\Ungood\img\00203_92.png,1,0.010811323300004005,0.010811323300004005,0.27190425992012024,3.8413784503936768
data\BraTS2021_slice\test\Ungood\img\00211_60.png,1,0.00888349860906601,0.00888349860906601,0.24521563947200775,2.8746447563171387
data\BraTS2021_slice\test\Ungood\img\00211_68.png,1,0.012270343489944935,0.012270343489944935,0.33260416984558105,4.244485855102539
data\BraTS2021_slice\test\Ungood\img\00211_76.png,1,0.014818350784480572,0.014818350784480572,0.4152490198612213,5.25687313079834
data\BraTS2021_slice\test\Ungood\img\00211_84.png,1,0.01631728932261467,0.01631728932261467,0.4599944055080414,5.527167797088623
data\BraTS2021_slice\test\Ungood\img\00211_92.png,1,0.018533796072006226,0.018533796072006226,0.48665717244148254,5.802758693695068
data\BraTS2021_slice\test\Ungood\img\00212_60.png,1,0.007109482306987047,0.007109482306987047,0.20613254606723785,2.365142822265625
data\BraTS2021_slice\test\Ungood\img\00212_68.png,1,0.006978323217481375,0.006978323217481375,0.18724948167800903,2.2430200576782227
data\BraTS2021_slice\test\Ungood\img\00212_76.png,1,0.00739709846675396,0.00739709846675396,0.1878165304660797,2.385639190673828
data\BraTS2021_slice\test\Ungood\img\00212_84.png,1,0.008232282474637032,0.008232282474637032,0.1915760189294815,2.6332621574401855
data\BraTS2021_slice\test\Ungood\img\00212_92.png,1,0.008648920804262161,0.008648920804262161,0.20653559267520905,2.5126852989196777
data\BraTS2021_slice\test\Ungood\img\00214_60.png,1,0.00829359795898199,0.00829359795898199,0.261095255613327,3.152416467666626
data\BraTS2021_slice\test\Ungood\img\00214_68.png,1,0.006659268401563168,0.006659268401563168,0.19969622790813446,2.4593112468719482
data\BraTS2021_slice\test\Ungood\img\00214_76.png,1,0.013369903899729252,0.013369903899729252,0.3167125880718231,4.051931381225586
data\BraTS2021_slice\test\Ungood\img\00214_84.png,1,0.013682769611477852,0.013682769611477852,0.37579110264778137,4.4824395179748535
data\BraTS2021_slice\test\Ungood\img\00214_92.png,1,0.015994472429156303,0.015994472429156303,0.41067105531692505,4.890888690948486
data\BraTS2021_slice\test\Ungood\img\00216_60.png,1,0.006935484707355499,0.006935484707355499,0.2107936143875122,2.5110068321228027
data\BraTS2021_slice\test\Ungood\img\00216_68.png,1,0.007704948075115681,0.007704948075115681,0.15530827641487122,1.8674978017807007
data\BraTS2021_slice\test\Ungood\img\00216_76.png,1,0.011567732319235802,0.011567732319235802,0.18438848853111267,1.9515639543533325
data\BraTS2021_slice\test\Ungood\img\00216_84.png,1,0.013877413235604763,0.013877413235604763,0.25091275572776794,2.3606741428375244
data\BraTS2021_slice\test\Ungood\img\00216_92.png,1,0.013886000961065292,0.013886000961065292,0.23479117453098297,2.359617233276367
data\BraTS2021_slice\test\Ungood\img\00217_60.png,1,0.013780435547232628,0.013780435547232628,0.27114740014076233,3.2194221019744873
data\BraTS2021_slice\test\Ungood\img\00217_68.png,1,0.014916572719812393,0.014916572719812393,0.34939953684806824,3.6312685012817383
data\BraTS2021_slice\test\Ungood\img\00217_76.png,1,0.014778072014451027,0.014778072014451027,0.3350418210029602,3.752591371536255
data\BraTS2021_slice\test\Ungood\img\00217_84.png,1,0.01430464070290327,0.01430464070290327,0.3087175488471985,4.027413368225098
data\BraTS2021_slice\test\Ungood\img\00217_92.png,1,0.01290023885667324,0.01290023885667324,0.3201514184474945,4.32991886138916
data\BraTS2021_slice\test\Ungood\img\00220_60.png,1,0.007489190436899662,0.007489190436899662,0.2271658480167389,2.5041918754577637
data\BraTS2021_slice\test\Ungood\img\00220_68.png,1,0.00740515161305666,0.00740515161305666,0.20120194554328918,2.4619765281677246
data\BraTS2021_slice\test\Ungood\img\00220_76.png,1,0.008520472794771194,0.008520472794771194,0.23071236908435822,2.7463715076446533
data\BraTS2021_slice\test\Ungood\img\00220_84.png,1,0.010078011080622673,0.010078011080622673,0.21340268850326538,2.931565523147583
data\BraTS2021_slice\test\Ungood\img\00220_92.png,1,0.011459015309810638,0.011459015309810638,0.2886504530906677,3.9037282466888428
data\BraTS2021_slice\test\Ungood\img\00221_60.png,1,0.008333031088113785,0.008333031088113785,0.26073986291885376,2.9733290672302246
data\BraTS2021_slice\test\Ungood\img\00221_68.png,1,0.009805217385292053,0.009805217385292053,0.26177942752838135,3.2706856727600098
data\BraTS2021_slice\test\Ungood\img\00221_76.png,1,0.009926050901412964,0.009926050901412964,0.2679111361503601,3.5943288803100586
data\BraTS2021_slice\test\Ungood\img\00221_84.png,1,0.009385929442942142,0.009385929442942142,0.25428467988967896,3.3740310668945312
data\BraTS2021_slice\test\Ungood\img\00221_92.png,1,0.006952651776373386,0.006952651776373386,0.20125962793827057,2.404062032699585
data\BraTS2021_slice\test\Ungood\img\00233_60.png,1,0.006935484707355499,0.006935484707355499,0.23875659704208374,2.789092779159546
data\BraTS2021_slice\test\Ungood\img\00233_68.png,1,0.011251678690314293,0.011251678690314293,0.2626926004886627,3.6140472888946533
data\BraTS2021_slice\test\Ungood\img\00233_76.png,1,0.014174881391227245,0.014174881391227245,0.3367353081703186,4.796728134155273
data\BraTS2021_slice\test\Ungood\img\00233_84.png,1,0.012962465174496174,0.012962465174496174,0.3397034704685211,4.702103614807129
data\BraTS2021_slice\test\Ungood\img\00233_92.png,1,0.015567674301564693,0.015567674301564693,0.3235785663127899,4.593170166015625
data\BraTS2021_slice\test\Ungood\img\00234_60.png,1,0.018369046971201897,0.018369046971201897,0.47666850686073303,7.143364429473877
data\BraTS2021_slice\test\Ungood\img\00234_68.png,1,0.027269534766674042,0.027269534766674042,0.5564880967140198,8.364802360534668
data\BraTS2021_slice\test\Ungood\img\00234_76.png,1,0.027943171560764313,0.027943171560764313,0.5927377939224243,8.802974700927734
data\BraTS2021_slice\test\Ungood\img\00234_84.png,1,0.027289200574159622,0.027289200574159622,0.5107804536819458,7.71611213684082
data\BraTS2021_slice\test\Ungood\img\00234_92.png,1,0.009583880193531513,0.009583880193531513,0.22666555643081665,3.013211727142334
data\BraTS2021_slice\test\Ungood\img\00235_60.png,1,0.008297190070152283,0.008297190070152283,0.2742355167865753,3.273313045501709
data\BraTS2021_slice\test\Ungood\img\00235_68.png,1,0.016963820904493332,0.016963820904493332,0.31178802251815796,4.5054755210876465
data\BraTS2021_slice\test\Ungood\img\00235_76.png,1,0.01716640219092369,0.01716640219092369,0.38787153363227844,5.405297756195068
data\BraTS2021_slice\test\Ungood\img\00235_84.png,1,0.01794392056763172,0.01794392056763172,0.37166982889175415,5.10313081741333
data\BraTS2021_slice\test\Ungood\img\00235_92.png,1,0.018937822431325912,0.018937822431325912,0.47688087821006775,6.241064548492432
data\BraTS2021_slice\test\Ungood\img\00236_60.png,1,0.007016654126346111,0.007016654126346111,0.23592343926429749,2.462106704711914
data\BraTS2021_slice\test\Ungood\img\00236_68.png,1,0.0067746276035904884,0.0067746276035904884,0.19610171020030975,2.4112741947174072
data\BraTS2021_slice\test\Ungood\img\00236_76.png,1,0.008185084909200668,0.008185084909200668,0.23663023114204407,2.8244543075561523
data\BraTS2021_slice\test\Ungood\img\00236_84.png,1,0.01006617583334446,0.01006617583334446,0.27547982335090637,3.6240780353546143
data\BraTS2021_slice\test\Ungood\img\00236_92.png,1,0.011477205902338028,0.011477205902338028,0.27126461267471313,3.6586005687713623
data\BraTS2021_slice\test\Ungood\img\00242_60.png,1,0.010072095319628716,0.010072095319628716,0.2567969560623169,2.777064323425293
data\BraTS2021_slice\test\Ungood\img\00242_68.png,1,0.01264120452105999,0.01264120452105999,0.2773606777191162,3.502952814102173
data\BraTS2021_slice\test\Ungood\img\00242_76.png,1,0.011526437476277351,0.011526437476277351,0.2794434428215027,3.549086570739746
data\BraTS2021_slice\test\Ungood\img\00242_84.png,1,0.010083924047648907,0.010083924047648907,0.2543915808200836,3.581146240234375
data\BraTS2021_slice\test\Ungood\img\00242_92.png,1,0.011280776001513004,0.011280776001513004,0.23555299639701843,3.141667366027832
data\BraTS2021_slice\test\Ungood\img\00247_60.png,1,0.02687210962176323,0.02687210962176323,0.5293478965759277,6.50120210647583
data\BraTS2021_slice\test\Ungood\img\00247_68.png,1,0.019447145983576775,0.019447145983576775,0.4229525625705719,5.5086259841918945
data\BraTS2021_slice\test\Ungood\img\00247_76.png,1,0.015687815845012665,0.015687815845012665,0.4211881458759308,5.388169288635254
data\BraTS2021_slice\test\Ungood\img\00247_84.png,1,0.01617051474750042,0.01617051474750042,0.44412824511528015,5.810144901275635
data\BraTS2021_slice\test\Ungood\img\00247_92.png,1,0.017306454479694366,0.017306454479694366,0.42161956429481506,5.16796875
data\BraTS2021_slice\test\Ungood\img\00259_60.png,1,0.00630525965243578,0.00630525965243578,0.2018767148256302,2.082988977432251
data\BraTS2021_slice\test\Ungood\img\00259_68.png,1,0.008697028271853924,0.008697028271853924,0.24673697352409363,3.038728952407837
data\BraTS2021_slice\test\Ungood\img\00259_76.png,1,0.012355059385299683,0.012355059385299683,0.3083329200744629,3.9650113582611084
data\BraTS2021_slice\test\Ungood\img\00259_84.png,1,0.013866671361029148,0.013866671361029148,0.3673950135707855,4.369815349578857
data\BraTS2021_slice\test\Ungood\img\00259_92.png,1,0.014689071103930473,0.014689071103930473,0.42173081636428833,4.855301380157471
data\BraTS2021_slice\test\Ungood\img\00263_60.png,1,0.008432576432824135,0.008432576432824135,0.24087779223918915,3.1255791187286377
data\BraTS2021_slice\test\Ungood\img\00263_68.png,1,0.009280555881559849,0.009280555881559849,0.2798589766025543,3.8129279613494873
data\BraTS2021_slice\test\Ungood\img\00263_76.png,1,0.01055749412626028,0.01055749412626028,0.2984647750854492,3.7981345653533936
data\BraTS2021_slice\test\Ungood\img\00263_84.png,1,0.01746928133070469,0.01746928133070469,0.4021165072917938,4.802196979522705
data\BraTS2021_slice\test\Ungood\img\00263_92.png,1,0.016278889030218124,0.016278889030218124,0.3648987412452698,4.4975481033325195
data\BraTS2021_slice\test\Ungood\img\00266_60.png,1,0.011672884225845337,0.011672884225845337,0.27179858088493347,2.9103081226348877
data\BraTS2021_slice\test\Ungood\img\00266_68.png,1,0.011644765734672546,0.011644765734672546,0.22309386730194092,2.3872718811035156
data\BraTS2021_slice\test\Ungood\img\00266_76.png,1,0.011937952600419521,0.011937952600419521,0.21328359842300415,2.2037417888641357
data\BraTS2021_slice\test\Ungood\img\00266_84.png,1,0.013149641454219818,0.013149641454219818,0.24978257715702057,2.7100789546966553
data\BraTS2021_slice\test\Ungood\img\00266_92.png,1,0.013381044380366802,0.013381044380366802,0.24652144312858582,2.7984580993652344
data\BraTS2021_slice\test\Ungood\img\00267_60.png,1,0.009319011121988297,0.009319011121988297,0.2550966143608093,2.8955724239349365
data\BraTS2021_slice\test\Ungood\img\00267_68.png,1,0.013615081086754799,0.013615081086754799,0.39839690923690796,5.021482467651367
data\BraTS2021_slice\test\Ungood\img\00267_76.png,1,0.014422905631363392,0.014422905631363392,0.4322545826435089,5.646996974945068
data\BraTS2021_slice\test\Ungood\img\00267_84.png,1,0.012163006700575352,0.012163006700575352,0.35630786418914795,4.683196544647217
data\BraTS2021_slice\test\Ungood\img\00267_92.png,1,0.012638846412301064,0.012638846412301064,0.2865079641342163,3.6954598426818848
data\BraTS2021_slice\test\Ungood\img\00281_60.png,1,0.0089902114123106,0.0089902114123106,0.23038442432880402,2.860161781311035
data\BraTS2021_slice\test\Ungood\img\00281_68.png,1,0.012383971363306046,0.012383971363306046,0.2586703300476074,3.5439820289611816
data\BraTS2021_slice\test\Ungood\img\00281_76.png,1,0.014429103583097458,0.014429103583097458,0.35537809133529663,4.77284049987793
data\BraTS2021_slice\test\Ungood\img\00281_84.png,1,0.014892578125,0.014892578125,0.3226611018180847,4.270322799682617
data\BraTS2021_slice\test\Ungood\img\00281_92.png,1,0.01485651358962059,0.01485651358962059,0.30367934703826904,4.084817886352539
data\BraTS2021_slice\test\Ungood\img\00282_60.png,1,0.008829658851027489,0.008829658851027489,0.2817550599575043,3.619297981262207
data\BraTS2021_slice\test\Ungood\img\00282_68.png,1,0.01119591761380434,0.01119591761380434,0.29480835795402527,4.098020553588867
data\BraTS2021_slice\test\Ungood\img\00282_76.png,1,0.009611826390028,0.009611826390028,0.2748735845088959,3.8969380855560303
data\BraTS2021_slice\test\Ungood\img\00282_84.png,1,0.00981433130800724,0.00981433130800724,0.3037198483943939,4.02569055557251
data\BraTS2021_slice\test\Ungood\img\00282_92.png,1,0.014942523092031479,0.014942523092031479,0.3207326829433441,4.657857418060303
data\BraTS2021_slice\test\Ungood\img\00286_60.png,1,0.006757007911801338,0.006757007911801338,0.25491946935653687,3.043659210205078
data\BraTS2021_slice\test\Ungood\img\00286_68.png,1,0.005599289666861296,0.005599289666861296,0.19268165528774261,2.3924357891082764
data\BraTS2021_slice\test\Ungood\img\00286_76.png,1,0.008004685863852501,0.008004685863852501,0.19730934500694275,2.484447956085205
data\BraTS2021_slice\test\Ungood\img\00286_84.png,1,0.007963626645505428,0.007963626645505428,0.20808349549770355,2.3974215984344482
data\BraTS2021_slice\test\Ungood\img\00286_92.png,1,0.00779340323060751,0.00779340323060751,0.1668451875448227,2.02199387550354
data\BraTS2021_slice\test\Ungood\img\00290_60.png,1,0.014737684279680252,0.014737684279680252,0.2756982147693634,3.020686149597168
data\BraTS2021_slice\test\Ungood\img\00290_68.png,1,0.014581143856048584,0.014581143856048584,0.28144755959510803,2.990928888320923
data\BraTS2021_slice\test\Ungood\img\00290_76.png,1,0.013849467039108276,0.013849467039108276,0.2998751103878021,3.1155736446380615
data\BraTS2021_slice\test\Ungood\img\00290_84.png,1,0.01191296149045229,0.01191296149045229,0.2804230749607086,2.960181474685669
data\BraTS2021_slice\test\Ungood\img\00290_92.png,1,0.009543369524180889,0.009543369524180889,0.21012184023857117,2.3752529621124268
data\BraTS2021_slice\test\Ungood\img\00293_60.png,1,0.007151278667151928,0.007151278667151928,0.21267393231391907,2.3721344470977783
data\BraTS2021_slice\test\Ungood\img\00293_68.png,1,0.005736005958169699,0.005736005958169699,0.21785759925842285,2.731924533843994
data\BraTS2021_slice\test\Ungood\img\00293_76.png,1,0.008015846833586693,0.008015846833586693,0.22483354806900024,2.8993537425994873
data\BraTS2021_slice\test\Ungood\img\00293_84.png,1,0.008325875736773014,0.008325875736773014,0.2772331237792969,3.6059906482696533
data\BraTS2021_slice\test\Ungood\img\00293_92.png,1,0.008485423400998116,0.008485423400998116,0.2591164708137512,3.2671563625335693
data\BraTS2021_slice\test\Ungood\img\00294_60.png,1,0.009593204595148563,0.009593204595148563,0.1504872590303421,1.6210129261016846
data\BraTS2021_slice\test\Ungood\img\00294_68.png,1,0.009719740599393845,0.009719740599393845,0.17199382185935974,1.9018865823745728
data\BraTS2021_slice\test\Ungood\img\00294_76.png,1,0.01124637946486473,0.01124637946486473,0.213089719414711,2.2144289016723633
data\BraTS2021_slice\test\Ungood\img\00294_84.png,1,0.01026842836290598,0.01026842836290598,0.2434525489807129,2.550894260406494
data\BraTS2021_slice\test\Ungood\img\00294_92.png,1,0.010540543124079704,0.010540543124079704,0.20065127313137054,2.279155969619751
data\BraTS2021_slice\test\Ungood\img\00297_60.png,1,0.009502685628831387,0.009502685628831387,0.24565233290195465,2.835510730743408
data\BraTS2021_slice\test\Ungood\img\00297_68.png,1,0.011588324792683125,0.011588324792683125,0.2635074257850647,3.3486013412475586
data\BraTS2021_slice\test\Ungood\img\00297_76.png,1,0.010069136507809162,0.010069136507809162,0.2393643707036972,3.1322097778320312
data\BraTS2021_slice\test\Ungood\img\00297_84.png,1,0.011051240377128124,0.011051240377128124,0.32271209359169006,3.876514196395874
data\BraTS2021_slice\test\Ungood\img\00297_92.png,1,0.011761903762817383,0.011761903762817383,0.31300222873687744,3.9578020572662354
data\BraTS2021_slice\test\Ungood\img\00298_60.png,1,0.009160968475043774,0.009160968475043774,0.26992636919021606,3.2835724353790283
data\BraTS2021_slice\test\Ungood\img\00298_68.png,1,0.007348592393100262,0.007348592393100262,0.19528116285800934,2.4868338108062744
data\BraTS2021_slice\test\Ungood\img\00298_76.png,1,0.007352646440267563,0.007352646440267563,0.2169722318649292,2.8853888511657715
data\BraTS2021_slice\test\Ungood\img\00298_84.png,1,0.009988903068006039,0.009988903068006039,0.22642622888088226,3.122981548309326
data\BraTS2021_slice\test\Ungood\img\00298_92.png,1,0.011787214316427708,0.011787214316427708,0.23798605799674988,3.23836350440979
data\BraTS2021_slice\test\Ungood\img\00299_60.png,1,0.010201456025242805,0.010201456025242805,0.2505126893520355,2.597032308578491
data\BraTS2021_slice\test\Ungood\img\00299_68.png,1,0.011235774494707584,0.011235774494707584,0.20103143155574799,2.2646234035491943
data\BraTS2021_slice\test\Ungood\img\00299_76.png,1,0.0075840940698981285,0.0075840940698981285,0.17244228720664978,1.8578946590423584
data\BraTS2021_slice\test\Ungood\img\00299_84.png,1,0.008662693202495575,0.008662693202495575,0.1868486851453781,2.16672420501709
data\BraTS2021_slice\test\Ungood\img\00299_92.png,1,0.008502965793013573,0.008502965793013573,0.186495840549469,2.2038686275482178
data\BraTS2021_slice\test\Ungood\img\00300_60.png,1,0.014950498938560486,0.014950498938560486,0.40858912467956543,4.744980812072754
data\BraTS2021_slice\test\Ungood\img\00300_68.png,1,0.015563844703137875,0.015563844703137875,0.4691483676433563,5.289629936218262
data\BraTS2021_slice\test\Ungood\img\00300_76.png,1,0.01621284894645214,0.01621284894645214,0.48166435956954956,5.308337688446045
data\BraTS2021_slice\test\Ungood\img\00300_84.png,1,0.01579195447266102,0.01579195447266102,0.469194233417511,5.291688442230225
data\BraTS2021_slice\test\Ungood\img\00300_92.png,1,0.018765507265925407,0.018765507265925407,0.5137025117874146,6.0870208740234375
data\BraTS2021_slice\test\Ungood\img\00301_60.png,1,0.010122271254658699,0.010122271254658699,0.3418414294719696,4.297573566436768
data\BraTS2021_slice\test\Ungood\img\00301_68.png,1,0.017493149265646935,0.017493149265646935,0.45783284306526184,5.997729778289795
data\BraTS2021_slice\test\Ungood\img\00301_76.png,1,0.014743749052286148,0.014743749052286148,0.4119425117969513,5.481814861297607
data\BraTS2021_slice\test\Ungood\img\00301_84.png,1,0.013975851237773895,0.013975851237773895,0.41644445061683655,5.440760612487793
data\BraTS2021_slice\test\Ungood\img\00301_92.png,1,0.013967319391667843,0.013967319391667843,0.34480834007263184,4.652503967285156
data\BraTS2021_slice\test\Ungood\img\00304_60.png,1,0.012228984385728836,0.012228984385728836,0.343949556350708,4.436551570892334
data\BraTS2021_slice\test\Ungood\img\00304_68.png,1,0.01495847012847662,0.01495847012847662,0.36675283312797546,4.215122699737549
data\BraTS2021_slice\test\Ungood\img\00304_76.png,1,0.0147012397646904,0.0147012397646904,0.356779545545578,4.034473419189453
data\BraTS2021_slice\test\Ungood\img\00304_84.png,1,0.015611642971634865,0.015611642971634865,0.4258316159248352,4.726794719696045
data\BraTS2021_slice\test\Ungood\img\00304_92.png,1,0.015720078721642494,0.015720078721642494,0.4250561594963074,5.413211345672607
data\BraTS2021_slice\test\Ungood\img\00309_60.png,1,0.007986048236489296,0.007986048236489296,0.21032316982746124,2.2439889907836914
data\BraTS2021_slice\test\Ungood\img\00309_68.png,1,0.007880865596234798,0.007880865596234798,0.21298271417617798,2.5631752014160156
data\BraTS2021_slice\test\Ungood\img\00309_76.png,1,0.009850703179836273,0.009850703179836273,0.2820742726325989,3.392042875289917
data\BraTS2021_slice\test\Ungood\img\00309_84.png,1,0.011585752479732037,0.011585752479732037,0.2783270478248596,3.5403177738189697
data\BraTS2021_slice\test\Ungood\img\00309_92.png,1,0.010819589719176292,0.010819589719176292,0.334184467792511,4.280045509338379
data\BraTS2021_slice\test\Ungood\img\00310_60.png,1,0.007982315495610237,0.007982315495610237,0.29806482791900635,3.3851377964019775
data\BraTS2021_slice\test\Ungood\img\00310_68.png,1,0.00829359795898199,0.00829359795898199,0.24140699207782745,3.152209520339966
data\BraTS2021_slice\test\Ungood\img\00310_76.png,1,0.011624272912740707,0.011624272912740707,0.3248635530471802,4.024902820587158
data\BraTS2021_slice\test\Ungood\img\00310_84.png,1,0.01225576177239418,0.01225576177239418,0.37590545415878296,4.389792442321777
data\BraTS2021_slice\test\Ungood\img\00310_92.png,1,0.013971585780382156,0.013971585780382156,0.425599604845047,5.069091796875
data\BraTS2021_slice\test\Ungood\img\00312_60.png,1,0.013531646691262722,0.013531646691262722,0.26611024141311646,2.992359161376953
data\BraTS2021_slice\test\Ungood\img\00312_68.png,1,0.011451209895312786,0.011451209895312786,0.2750118374824524,3.2103517055511475
data\BraTS2021_slice\test\Ungood\img\00312_76.png,1,0.010964605025947094,0.010964605025947094,0.2590101957321167,2.813690662384033
data\BraTS2021_slice\test\Ungood\img\00312_84.png,1,0.013349827378988266,0.013349827378988266,0.26867902278900146,3.0900120735168457
data\BraTS2021_slice\test\Ungood\img\00312_92.png,1,0.01220703125,0.01220703125,0.2789502441883087,3.344794511795044
data\BraTS2021_slice\test\Ungood\img\00318_60.png,1,0.015735236927866936,0.015735236927866936,0.47682681679725647,4.426802158355713
data\BraTS2021_slice\test\Ungood\img\00318_68.png,1,0.015083465725183487,0.015083465725183487,0.427410751581192,4.595468044281006
data\BraTS2021_slice\test\Ungood\img\00318_76.png,1,0.016460945829749107,0.016460945829749107,0.4407571852207184,5.227245807647705
data\BraTS2021_slice\test\Ungood\img\00318_84.png,1,0.013564642518758774,0.013564642518758774,0.3449188768863678,4.46683406829834
data\BraTS2021_slice\test\Ungood\img\00318_92.png,1,0.008286407217383385,0.008286407217383385,0.1913449466228485,2.4856173992156982
data\BraTS2021_slice\test\Ungood\img\00324_60.png,1,0.009877895005047321,0.009877895005047321,0.20014235377311707,2.3013885021209717
data\BraTS2021_slice\test\Ungood\img\00324_68.png,1,0.010198534466326237,0.010198534466326237,0.25276291370391846,2.892317771911621
data\BraTS2021_slice\test\Ungood\img\00324_76.png,1,0.011508324183523655,0.011508324183523655,0.29424890875816345,3.202150583267212
data\BraTS2021_slice\test\Ungood\img\00324_84.png,1,0.012513249181210995,0.012513249181210995,0.33076709508895874,3.6170389652252197
data\BraTS2021_slice\test\Ungood\img\00324_92.png,1,0.01398011576384306,0.01398011576384306,0.3173256814479828,3.7160754203796387
data\BraTS2021_slice\test\Ungood\img\00325_60.png,1,0.011059327982366085,0.011059327982366085,0.2670563757419586,3.2844700813293457
data\BraTS2021_slice\test\Ungood\img\00325_68.png,1,0.012851633131504059,0.012851633131504059,0.32740479707717896,4.188382148742676
data\BraTS2021_slice\test\Ungood\img\00325_76.png,1,0.01270469930022955,0.01270469930022955,0.3536105751991272,4.108611583709717
data\BraTS2021_slice\test\Ungood\img\00325_84.png,1,0.013019816018640995,0.013019816018640995,0.34426575899124146,3.782557487487793
data\BraTS2021_slice\test\Ungood\img\00325_92.png,1,0.011516090482473373,0.011516090482473373,0.31842705607414246,3.6666347980499268
data\BraTS2021_slice\test\Ungood\img\00334_60.png,1,0.00837583839893341,0.00837583839893341,0.2683315575122833,3.210310935974121
data\BraTS2021_slice\test\Ungood\img\00334_68.png,1,0.013063234277069569,0.013063234277069569,0.2722984850406647,3.642934560775757
data\BraTS2021_slice\test\Ungood\img\00334_76.png,1,0.013769618235528469,0.013769618235528469,0.31048163771629333,4.034154891967773
data\BraTS2021_slice\test\Ungood\img\00334_84.png,1,0.011761903762817383,0.011761903762817383,0.3148537576198578,4.225607872009277
data\BraTS2021_slice\test\Ungood\img\00334_92.png,1,0.008544921875,0.008544921875,0.23527519404888153,3.2491419315338135
data\BraTS2021_slice\test\Ungood\img\00336_60.png,1,0.013405521400272846,0.013405521400272846,0.3278968930244446,4.717871189117432
data\BraTS2021_slice\test\Ungood\img\00336_68.png,1,0.017135124653577805,0.017135124653577805,0.5324954986572266,6.930184841156006
data\BraTS2021_slice\test\Ungood\img\00336_76.png,1,0.017352886497974396,0.017352886497974396,0.5300045013427734,6.494380950927734
data\BraTS2021_slice\test\Ungood\img\00336_84.png,1,0.01972106285393238,0.01972106285393238,0.5284721255302429,5.610761642456055
data\BraTS2021_slice\test\Ungood\img\00336_92.png,1,0.018375536426901817,0.018375536426901817,0.5055373907089233,5.643008708953857
data\BraTS2021_slice\test\Ungood\img\00338_60.png,1,0.00789597723633051,0.00789597723633051,0.14787910878658295,1.5447940826416016
data\BraTS2021_slice\test\Ungood\img\00338_68.png,1,0.0069740512408316135,0.0069740512408316135,0.14542460441589355,1.6406289339065552
data\BraTS2021_slice\test\Ungood\img\00338_76.png,1,0.00820690207183361,0.00820690207183361,0.15303561091423035,1.841011881828308
data\BraTS2021_slice\test\Ungood\img\00338_84.png,1,0.0073890360072255135,0.0073890360072255135,0.1625015139579773,2.0035083293914795
data\BraTS2021_slice\test\Ungood\img\00338_92.png,1,0.006726063322275877,0.006726063322275877,0.1112753376364708,1.2888456583023071
data\BraTS2021_slice\test\Ungood\img\00340_60.png,1,0.006654791533946991,0.006654791533946991,0.22239361703395844,2.5625298023223877
data\BraTS2021_slice\test\Ungood\img\00340_68.png,1,0.006171496585011482,0.006171496585011482,0.19933466613292694,2.2455625534057617
data\BraTS2021_slice\test\Ungood\img\00340_76.png,1,0.007159608416259289,0.007159608416259289,0.21084727346897125,2.7571730613708496
data\BraTS2021_slice\test\Ungood\img\00340_84.png,1,0.00840780045837164,0.00840780045837164,0.21220025420188904,2.7706832885742188
data\BraTS2021_slice\test\Ungood\img\00340_92.png,1,0.006672680843621492,0.006672680843621492,0.1772293597459793,2.1829185485839844
data\BraTS2021_slice\test\Ungood\img\00343_60.png,1,0.00826119352132082,0.00826119352132082,0.3206028938293457,3.7001349925994873
data\BraTS2021_slice\test\Ungood\img\00343_68.png,1,0.010110488161444664,0.010110488161444664,0.2626909613609314,3.370103120803833
data\BraTS2021_slice\test\Ungood\img\00343_76.png,1,0.008943681605160236,0.008943681605160236,0.2537432610988617,3.298201560974121
data\BraTS2021_slice\test\Ungood\img\00343_84.png,1,0.0069697764702141285,0.0069697764702141285,0.23892618715763092,2.926417350769043
data\BraTS2021_slice\test\Ungood\img\00343_92.png,1,0.0068359375,0.0068359375,0.21690712869167328,2.505847215652466
data\BraTS2021_slice\test\Ungood\img\00347_60.png,1,0.012131111696362495,0.012131111696362495,0.2638988494873047,3.3280675411224365
data\BraTS2021_slice\test\Ungood\img\00347_68.png,1,0.01111041009426117,0.01111041009426117,0.2802484929561615,3.6524181365966797
data\BraTS2021_slice\test\Ungood\img\00347_76.png,1,0.014176983386278152,0.014176983386278152,0.3059619665145874,4.157218933105469
data\BraTS2021_slice\test\Ungood\img\00347_84.png,1,0.012700006365776062,0.012700006365776062,0.35846325755119324,4.850982666015625
data\BraTS2021_slice\test\Ungood\img\00347_92.png,1,0.007842957973480225,0.007842957973480225,0.23665392398834229,3.2195117473602295
data\BraTS2021_slice\test\Ungood\img\00359_60.png,1,0.0069053396582603455,0.0069053396582603455,0.2324778437614441,2.855745792388916
data\BraTS2021_slice\test\Ungood\img\00359_68.png,1,0.01078648492693901,0.01078648492693901,0.2847972810268402,3.7821388244628906
data\BraTS2021_slice\test\Ungood\img\00359_76.png,1,0.013894583098590374,0.013894583098590374,0.34444472193717957,4.552779197692871
data\BraTS2021_slice\test\Ungood\img\00359_84.png,1,0.015324565581977367,0.015324565581977367,0.4167349338531494,5.426633358001709
data\BraTS2021_slice\test\Ungood\img\00359_92.png,1,0.013916015625,0.013916015625,0.3905182480812073,5.1678314208984375
data\BraTS2021_slice\test\Ungood\img\00360_60.png,1,0.00787708256393671,0.00787708256393671,0.2519487738609314,2.8777616024017334
data\BraTS2021_slice\test\Ungood\img\00360_68.png,1,0.00779340323060751,0.00779340323060751,0.2509435713291168,3.089292526245117
data\BraTS2021_slice\test\Ungood\img\00360_76.png,1,0.011359755881130695,0.011359755881130695,0.31434768438339233,4.019406795501709
data\BraTS2021_slice\test\Ungood\img\00360_84.png,1,0.011990263126790524,0.011990263126790524,0.33638593554496765,4.363877296447754
data\BraTS2021_slice\test\Ungood\img\00360_92.png,1,0.012170354835689068,0.012170354835689068,0.4311835467815399,5.486326217651367
data\BraTS2021_slice\test\Ungood\img\00366_60.png,1,0.009590097703039646,0.009590097703039646,0.2932826578617096,3.7459089756011963
data\BraTS2021_slice\test\Ungood\img\00366_68.png,1,0.011590896174311638,0.011590896174311638,0.3176827132701874,4.618689060211182
data\BraTS2021_slice\test\Ungood\img\00366_76.png,1,0.01094011589884758,0.01094011589884758,0.29651322960853577,3.8289954662323
data\BraTS2021_slice\test\Ungood\img\00366_84.png,1,0.010435405187308788,0.010435405187308788,0.2653222680091858,3.2943360805511475
data\BraTS2021_slice\test\Ungood\img\00366_92.png,1,0.01079200953245163,0.01079200953245163,0.28692880272865295,3.3306479454040527
data\BraTS2021_slice\test\Ungood\img\00367_60.png,1,0.007340476848185062,0.007340476848185062,0.2446775585412979,2.942300796508789
data\BraTS2021_slice\test\Ungood\img\00367_68.png,1,0.007258822675794363,0.007258822675794363,0.2640562355518341,3.2037265300750732
data\BraTS2021_slice\test\Ungood\img\00367_76.png,1,0.009905011393129826,0.009905011393129826,0.348154217004776,4.61637020111084
data\BraTS2021_slice\test\Ungood\img\00367_84.png,1,0.01284235343337059,0.01284235343337059,0.46523821353912354,6.0093793869018555
data\BraTS2021_slice\test\Ungood\img\00367_92.png,1,0.013376588933169842,0.013376588933169842,0.4226090610027313,4.995743751525879
data\BraTS2021_slice\test\Ungood\img\00369_60.png,1,0.008012128062546253,0.008012128062546253,0.2583673298358917,2.9197640419006348
data\BraTS2021_slice\test\Ungood\img\00369_68.png,1,0.011422546580433846,0.011422546580433846,0.2106890231370926,2.6673784255981445
data\BraTS2021_slice\test\Ungood\img\00369_76.png,1,0.015228974632918835,0.015228974632918835,0.25641918182373047,2.6772823333740234
data\BraTS2021_slice\test\Ungood\img\00369_84.png,1,0.01626240462064743,0.01626240462064743,0.29257720708847046,2.801701784133911
data\BraTS2021_slice\test\Ungood\img\00369_92.png,1,0.01302439346909523,0.01302439346909523,0.28316909074783325,3.052927017211914
data\BraTS2021_slice\test\Ungood\img\00370_60.png,1,0.009802177548408508,0.009802177548408508,0.2987549602985382,3.6985697746276855
data\BraTS2021_slice\test\Ungood\img\00370_68.png,1,0.010647442191839218,0.010647442191839218,0.3054693043231964,3.6318678855895996
data\BraTS2021_slice\test\Ungood\img\00370_76.png,1,0.012081878259778023,0.012081878259778023,0.31010398268699646,3.878142833709717
data\BraTS2021_slice\test\Ungood\img\00370_84.png,1,0.01386882085353136,0.01386882085353136,0.30383923649787903,4.049945831298828
data\BraTS2021_slice\test\Ungood\img\00370_92.png,1,0.01043826062232256,0.01043826062232256,0.2708110809326172,3.6344964504241943
data\BraTS2021_slice\test\Ungood\img\00371_60.png,1,0.007008154410868883,0.007008154410868883,0.26723513007164,3.3735909461975098
data\BraTS2021_slice\test\Ungood\img\00371_68.png,1,0.011731458827853203,0.011731458827853203,0.24655097723007202,3.526475667953491
data\BraTS2021_slice\test\Ungood\img\00371_76.png,1,0.01517211738973856,0.01517211738973856,0.3101591467857361,4.590146064758301
data\BraTS2021_slice\test\Ungood\img\00371_84.png,1,0.01708984375,0.01708984375,0.42329832911491394,5.738037109375
data\BraTS2021_slice\test\Ungood\img\00371_92.png,1,0.018396608531475067,0.018396608531475067,0.45186659693717957,6.102928638458252
data\BraTS2021_slice\test\Ungood\img\00375_60.png,1,0.013372132554650307,0.013372132554650307,0.24977439641952515,3.2366483211517334
data\BraTS2021_slice\test\Ungood\img\00375_68.png,1,0.01333195623010397,0.01333195623010397,0.3152179718017578,3.503587484359741
data\BraTS2021_slice\test\Ungood\img\00375_76.png,1,0.012496566399931908,0.012496566399931908,0.3195556104183197,3.6152076721191406
data\BraTS2021_slice\test\Ungood\img\00375_84.png,1,0.01220703125,0.01220703125,0.32975971698760986,3.526854991912842
data\BraTS2021_slice\test\Ungood\img\00375_92.png,1,0.014302557334303856,0.014302557334303856,0.36712220311164856,3.8374593257904053
data\BraTS2021_slice\test\Ungood\img\00377_60.png,1,0.0078048668801784515,0.0078048668801784515,0.24123768508434296,2.4863033294677734
data\BraTS2021_slice\test\Ungood\img\00377_68.png,1,0.006965499371290207,0.006965499371290207,0.15557128190994263,1.7588167190551758
data\BraTS2021_slice\test\Ungood\img\00377_76.png,1,0.007607635110616684,0.007607635110616684,0.14190085232257843,1.5576573610305786
data\BraTS2021_slice\test\Ungood\img\00377_84.png,1,0.008093547075986862,0.008093547075986862,0.15266907215118408,1.8614517450332642
data\BraTS2021_slice\test\Ungood\img\00377_92.png,1,0.011351882480084896,0.011351882480084896,0.20409925282001495,2.6540210247039795
data\BraTS2021_slice\test\Ungood\img\00388_60.png,1,0.011487588286399841,0.011487588286399841,0.31424063444137573,3.815670967102051
data\BraTS2021_slice\test\Ungood\img\00388_68.png,1,0.0140311848372221,0.0140311848372221,0.314554899930954,3.5627565383911133
data\BraTS2021_slice\test\Ungood\img\00388_76.png,1,0.013843010179698467,0.013843010179698467,0.3110973536968231,3.2724380493164062
data\BraTS2021_slice\test\Ungood\img\00388_84.png,1,0.016247738152742386,0.016247738152742386,0.38140299916267395,3.989589214324951
data\BraTS2021_slice\test\Ungood\img\00388_92.png,1,0.012489410117268562,0.012489410117268562,0.23200635612010956,3.000074625015259
data\BraTS2021_slice\test\Ungood\img\00391_60.png,1,0.014968428760766983,0.014968428760766983,0.34544989466667175,4.929853916168213
data\BraTS2021_slice\test\Ungood\img\00391_68.png,1,0.014166468754410744,0.014166468754410744,0.36702442169189453,4.786233425140381
data\BraTS2021_slice\test\Ungood\img\00391_76.png,1,0.011121135205030441,0.011121135205030441,0.2862994074821472,3.846670389175415
data\BraTS2021_slice\test\Ungood\img\00391_84.png,1,0.008772091940045357,0.008772091940045357,0.2467784285545349,3.3617100715637207
data\BraTS2021_slice\test\Ungood\img\00391_92.png,1,0.009537121281027794,0.009537121281027794,0.2391589730978012,3.4512336254119873
data\BraTS2021_slice\test\Ungood\img\00392_60.png,1,0.012214353308081627,0.012214353308081627,0.3878524601459503,3.5308003425598145
data\BraTS2021_slice\test\Ungood\img\00392_68.png,1,0.02134101837873459,0.02134101837873459,0.5439932942390442,7.010499477386475
data\BraTS2021_slice\test\Ungood\img\00392_76.png,1,0.018225714564323425,0.018225714564323425,0.38121384382247925,5.590653419494629
data\BraTS2021_slice\test\Ungood\img\00392_84.png,1,0.01643195189535618,0.01643195189535618,0.39284375309944153,5.797401428222656
data\BraTS2021_slice\test\Ungood\img\00392_92.png,1,0.013797725550830364,0.013797725550830364,0.36988967657089233,5.135635852813721
data\BraTS2021_slice\test\Ungood\img\00395_60.png,1,0.016172358766198158,0.016172358766198158,0.3155810534954071,3.661923408508301
data\BraTS2021_slice\test\Ungood\img\00395_68.png,1,0.011847740039229393,0.011847740039229393,0.3627296984195709,3.960700511932373
data\BraTS2021_slice\test\Ungood\img\00395_76.png,1,0.011932958848774433,0.011932958848774433,0.3495192527770996,3.833251476287842
data\BraTS2021_slice\test\Ungood\img\00395_84.png,1,0.012487023137509823,0.012487023137509823,0.3675556480884552,4.332916259765625
data\BraTS2021_slice\test\Ungood\img\00395_92.png,1,0.011560000479221344,0.011560000479221344,0.3225914239883423,4.071455001831055
data\BraTS2021_slice\test\Ungood\img\00397_60.png,1,0.010585685260593891,0.010585685260593891,0.28057780861854553,3.6746199131011963
data\BraTS2021_slice\test\Ungood\img\00397_68.png,1,0.011802375316619873,0.011802375316619873,0.30717453360557556,4.019608497619629
data\BraTS2021_slice\test\Ungood\img\00397_76.png,1,0.013083751313388348,0.013083751313388348,0.3534092903137207,4.344018459320068
data\BraTS2021_slice\test\Ungood\img\00397_84.png,1,0.010844351723790169,0.010844351723790169,0.28126004338264465,3.722163200378418
data\BraTS2021_slice\test\Ungood\img\00397_92.png,1,0.011222505010664463,0.011222505010664463,0.2824234664440155,3.5367588996887207
data\BraTS2021_slice\test\Ungood\img\00399_60.png,1,0.011422546580433846,0.011422546580433846,0.2769661247730255,3.614320993423462
data\BraTS2021_slice\test\Ungood\img\00399_68.png,1,0.013930998742580414,0.013930998742580414,0.3262522220611572,4.307557106018066
data\BraTS2021_slice\test\Ungood\img\00399_76.png,1,0.012596331536769867,0.012596331536769867,0.32868269085884094,4.447814464569092
data\BraTS2021_slice\test\Ungood\img\00399_84.png,1,0.01464436762034893,0.01464436762034893,0.3335408568382263,4.806207180023193
data\BraTS2021_slice\test\Ungood\img\00399_92.png,1,0.008418427780270576,0.008418427780270576,0.28062477707862854,3.720121383666992
data\BraTS2021_slice\test\Ungood\img\00400_60.png,1,0.014162261039018631,0.014162261039018631,0.3675863444805145,4.497847557067871
data\BraTS2021_slice\test\Ungood\img\00400_68.png,1,0.012971658259630203,0.012971658259630203,0.35698363184928894,4.424810409545898
data\BraTS2021_slice\test\Ungood\img\00400_76.png,1,0.013516221195459366,0.013516221195459366,0.4089786410331726,4.92193078994751
data\BraTS2021_slice\test\Ungood\img\00400_84.png,1,0.013070076704025269,0.013070076704025269,0.4216890037059784,4.606650352478027
data\BraTS2021_slice\test\Ungood\img\00400_92.png,1,0.009853728115558624,0.009853728115558624,0.27951738238334656,3.24251651763916
data\BraTS2021_slice\test\Ungood\img\00401_60.png,1,0.00909894797950983,0.00909894797950983,0.2715473175048828,3.5410845279693604
data\BraTS2021_slice\test\Ungood\img\00401_68.png,1,0.015205473639070988,0.015205473639070988,0.3630460500717163,4.242237567901611
data\BraTS2021_slice\test\Ungood\img\00401_76.png,1,0.014763948507606983,0.014763948507606983,0.45260968804359436,4.9655938148498535
data\BraTS2021_slice\test\Ungood\img\00401_84.png,1,0.014497102238237858,0.014497102238237858,0.4346086382865906,4.646881103515625
data\BraTS2021_slice\test\Ungood\img\00401_92.png,1,0.015166223049163818,0.015166223049163818,0.43043896555900574,4.672572135925293
data\BraTS2021_slice\test\Ungood\img\00402_60.png,1,0.015863506123423576,0.015863506123423576,0.3398527503013611,4.050767421722412
data\BraTS2021_slice\test\Ungood\img\00402_68.png,1,0.015548518858850002,0.015548518858850002,0.36119544506073,3.890194892883301
data\BraTS2021_slice\test\Ungood\img\00402_76.png,1,0.015065672807395458,0.015065672807395458,0.40234890580177307,3.8322534561157227
data\BraTS2021_slice\test\Ungood\img\00402_84.png,1,0.014016308821737766,0.014016308821737766,0.3982265293598175,4.180278778076172
data\BraTS2021_slice\test\Ungood\img\00402_92.png,1,0.014725545421242714,0.014725545421242714,0.37435635924339294,4.274138927459717
data\BraTS2021_slice\test\Ungood\img\00404_60.png,1,0.009464976377785206,0.009464976377785206,0.2368648499250412,2.9816861152648926
data\BraTS2021_slice\test\Ungood\img\00404_68.png,1,0.011526437476277351,0.011526437476277351,0.27924802899360657,3.5687100887298584
data\BraTS2021_slice\test\Ungood\img\00404_76.png,1,0.013767452910542488,0.013767452910542488,0.3151854872703552,3.7006330490112305
data\BraTS2021_slice\test\Ungood\img\00404_84.png,1,0.015183898620307446,0.015183898620307446,0.38261234760284424,4.290428638458252
data\BraTS2021_slice\test\Ungood\img\00404_92.png,1,0.017855677753686905,0.017855677753686905,0.38543859124183655,4.595944881439209
data\BraTS2021_slice\test\Ungood\img\00406_60.png,1,0.007944892160594463,0.007944892160594463,0.24519124627113342,3.1125099658966064
data\BraTS2021_slice\test\Ungood\img\00406_68.png,1,0.01364569179713726,0.01364569179713726,0.365727037191391,4.71142578125
data\BraTS2021_slice\test\Ungood\img\00406_76.png,1,0.013870969414710999,0.013870969414710999,0.3752768635749817,4.758389949798584
data\BraTS2021_slice\test\Ungood\img\00406_84.png,1,0.014279617927968502,0.014279617927968502,0.3977259695529938,4.86423397064209
data\BraTS2021_slice\test\Ungood\img\00406_92.png,1,0.0156326275318861,0.0156326275318861,0.34886762499809265,4.6822896003723145
data\BraTS2021_slice\test\Ungood\img\00407_60.png,1,0.007986048236489296,0.007986048236489296,0.2945364713668823,3.2364237308502197
data\BraTS2021_slice\test\Ungood\img\00407_68.png,1,0.007978581823408604,0.007978581823408604,0.23299387097358704,2.5827362537384033
data\BraTS2021_slice\test\Ungood\img\00407_76.png,1,0.011328230611979961,0.011328230611979961,0.2927696704864502,4.024755954742432
data\BraTS2021_slice\test\Ungood\img\00407_84.png,1,0.014024810865521431,0.014024810865521431,0.389552503824234,4.806098937988281
data\BraTS2021_slice\test\Ungood\img\00407_92.png,1,0.01757303811609745,0.01757303811609745,0.5005895495414734,4.993834495544434
data\BraTS2021_slice\test\Ungood\img\00409_60.png,1,0.01634283922612667,0.01634283922612667,0.35445234179496765,4.717575550079346
data\BraTS2021_slice\test\Ungood\img\00409_68.png,1,0.012858588248491287,0.012858588248491287,0.3213823735713959,3.9764750003814697
data\BraTS2021_slice\test\Ungood\img\00409_76.png,1,0.01272579375654459,0.01272579375654459,0.3440828323364258,4.213998794555664
data\BraTS2021_slice\test\Ungood\img\00409_84.png,1,0.01149277575314045,0.01149277575314045,0.3009818196296692,3.9164416790008545
data\BraTS2021_slice\test\Ungood\img\00409_92.png,1,0.007457287050783634,0.007457287050783634,0.21872933208942413,3.016624689102173
data\BraTS2021_slice\test\Ungood\img\00410_60.png,1,0.007846756838262081,0.007846756838262081,0.26109403371810913,3.165534257888794
data\BraTS2021_slice\test\Ungood\img\00410_68.png,1,0.007670057471841574,0.007670057471841574,0.2076202630996704,2.670421838760376
data\BraTS2021_slice\test\Ungood\img\00410_76.png,1,0.008141275495290756,0.008141275495290756,0.18220947682857513,2.276609420776367
data\BraTS2021_slice\test\Ungood\img\00410_84.png,1,0.007724263705313206,0.007724263705313206,0.26345935463905334,3.094748020172119
data\BraTS2021_slice\test\Ungood\img\00410_92.png,1,0.009722806513309479,0.009722806513309479,0.3262331783771515,3.99383282661438
data\BraTS2021_slice\test\Ungood\img\00413_60.png,1,0.008311545476317406,0.008311545476317406,0.2973932921886444,3.4490432739257812
data\BraTS2021_slice\test\Ungood\img\00413_68.png,1,0.01349636260420084,0.01349636260420084,0.3062775135040283,4.287186622619629
data\BraTS2021_slice\test\Ungood\img\00413_76.png,1,0.014912576414644718,0.014912576414644718,0.3600285053253174,5.00465726852417
data\BraTS2021_slice\test\Ungood\img\00413_84.png,1,0.017378628253936768,0.017378628253936768,0.4254298806190491,5.709756374359131
data\BraTS2021_slice\test\Ungood\img\00413_92.png,1,0.019398044794797897,0.019398044794797897,0.49136582016944885,6.527155876159668
data\BraTS2021_slice\test\Ungood\img\00414_60.png,1,0.014741728082299232,0.014741728082299232,0.2721208930015564,3.2491142749786377
data\BraTS2021_slice\test\Ungood\img\00414_68.png,1,0.01492256484925747,0.01492256484925747,0.3171042203903198,3.486680507659912
data\BraTS2021_slice\test\Ungood\img\00414_76.png,1,0.01486253086477518,0.01486253086477518,0.3257877230644226,3.6783928871154785
data\BraTS2021_slice\test\Ungood\img\00414_84.png,1,0.013280441984534264,0.013280441984534264,0.32816773653030396,3.633326292037964
data\BraTS2021_slice\test\Ungood\img\00414_92.png,1,0.011275491677224636,0.011275491677224636,0.2797940671443939,3.315171480178833
data\BraTS2021_slice\test\Ungood\img\00416_60.png,1,0.015178008936345577,0.015178008936345577,0.3686288893222809,4.4260077476501465
data\BraTS2021_slice\test\Ungood\img\00416_68.png,1,0.022072797641158104,0.022072797641158104,0.49165526032447815,6.007720947265625
data\BraTS2021_slice\test\Ungood\img\00416_76.png,1,0.02093069814145565,0.02093069814145565,0.4239473342895508,5.394423484802246
data\BraTS2021_slice\test\Ungood\img\00416_84.png,1,0.020044822245836258,0.020044822245836258,0.42079710960388184,5.16201639175415
data\BraTS2021_slice\test\Ungood\img\00416_92.png,1,0.016563821583986282,0.016563821583986282,0.40544483065605164,5.086180210113525
data\BraTS2021_slice\test\Ungood\img\00417_60.png,1,0.010767127387225628,0.010767127387225628,0.30326950550079346,3.1799633502960205
data\BraTS2021_slice\test\Ungood\img\00417_68.png,1,0.011227814480662346,0.011227814480662346,0.3419598937034607,3.8425443172454834
data\BraTS2021_slice\test\Ungood\img\00417_76.png,1,0.013745789416134357,0.013745789416134357,0.30529069900512695,3.490389108657837
data\BraTS2021_slice\test\Ungood\img\00417_84.png,1,0.011892931535840034,0.011892931535840034,0.3099716305732727,3.7105672359466553
data\BraTS2021_slice\test\Ungood\img\00417_92.png,1,0.009154459461569786,0.009154459461569786,0.2584419846534729,3.479175329208374
data\BraTS2021_slice\test\Ungood\img\00418_60.png,1,0.008534451946616173,0.008534451946616173,0.36193788051605225,3.3565428256988525
data\BraTS2021_slice\test\Ungood\img\00418_68.png,1,0.009033203125,0.009033203125,0.31645694375038147,3.337709903717041
data\BraTS2021_slice\test\Ungood\img\00418_76.png,1,0.008741461671888828,0.008741461671888828,0.2540222704410553,2.9573733806610107
data\BraTS2021_slice\test\Ungood\img\00418_84.png,1,0.009128378704190254,0.009128378704190254,0.2543868124485016,2.7971549034118652
data\BraTS2021_slice\test\Ungood\img\00418_92.png,1,0.010000829584896564,0.010000829584896564,0.2507097125053406,2.681262254714966
data\BraTS2021_slice\test\Ungood\img\00423_60.png,1,0.0066278669983148575,0.0066278669983148575,0.22862786054611206,2.7527482509613037
data\BraTS2021_slice\test\Ungood\img\00423_68.png,1,0.0066278669983148575,0.0066278669983148575,0.21088463068008423,2.6939849853515625
data\BraTS2021_slice\test\Ungood\img\00423_76.png,1,0.008963651955127716,0.008963651955127716,0.19797727465629578,2.702104330062866
data\BraTS2021_slice\test\Ungood\img\00423_84.png,1,0.014105329290032387,0.014105329290032387,0.37169188261032104,5.371683120727539
data\BraTS2021_slice\test\Ungood\img\00423_92.png,1,0.014603610150516033,0.014603610150516033,0.36276623606681824,5.122887134552002
data\BraTS2021_slice\test\Ungood\img\00426_60.png,1,0.020885085687041283,0.020885085687041283,0.47267934679985046,6.6022186279296875
data\BraTS2021_slice\test\Ungood\img\00426_68.png,1,0.020606394857168198,0.020606394857168198,0.47081100940704346,5.9563703536987305
data\BraTS2021_slice\test\Ungood\img\00426_76.png,1,0.01877027004957199,0.01877027004957199,0.4709185063838959,5.569733619689941
data\BraTS2021_slice\test\Ungood\img\00426_84.png,1,0.019248440861701965,0.019248440861701965,0.4415062665939331,5.091141223907471
data\BraTS2021_slice\test\Ungood\img\00426_92.png,1,0.015590629540383816,0.015590629540383816,0.3634920120239258,4.773675441741943
data\BraTS2021_slice\test\Ungood\img\00429_60.png,1,0.00743327010422945,0.00743327010422945,0.16861118376255035,1.9426311254501343
data\BraTS2021_slice\test\Ungood\img\00429_68.png,1,0.006770226638764143,0.006770226638764143,0.17892788350582123,2.0800933837890625
data\BraTS2021_slice\test\Ungood\img\00429_76.png,1,0.006800970993936062,0.006800970993936062,0.1921246498823166,2.104487419128418
data\BraTS2021_slice\test\Ungood\img\00429_84.png,1,0.008628221228718758,0.008628221228718758,0.1979963332414627,2.0656301975250244
data\BraTS2021_slice\test\Ungood\img\00429_92.png,1,0.009829502552747726,0.009829502552747726,0.15606479346752167,1.6389702558517456
data\BraTS2021_slice\test\Ungood\img\00430_60.png,1,0.01099175214767456,0.01099175214767456,0.27619412541389465,3.912336587905884
data\BraTS2021_slice\test\Ungood\img\00430_68.png,1,0.01225333008915186,0.01225333008915186,0.32787588238716125,4.275452613830566
data\BraTS2021_slice\test\Ungood\img\00430_76.png,1,0.015546602196991444,0.015546602196991444,0.3626517653465271,5.1222453117370605
data\BraTS2021_slice\test\Ungood\img\00430_84.png,1,0.0151445921510458,0.0151445921510458,0.3578454554080963,4.990920066833496
data\BraTS2021_slice\test\Ungood\img\00430_92.png,1,0.010110488161444664,0.010110488161444664,0.2616298198699951,3.884505271911621
data\BraTS2021_slice\test\Ungood\img\00432_60.png,1,0.00830078125,0.00830078125,0.28447893261909485,3.15914249420166
data\BraTS2021_slice\test\Ungood\img\00432_68.png,1,0.008586672134697437,0.008586672134697437,0.26920706033706665,2.9762940406799316
data\BraTS2021_slice\test\Ungood\img\00432_76.png,1,0.00961492583155632,0.00961492583155632,0.20478764176368713,2.3346176147460938
data\BraTS2021_slice\test\Ungood\img\00432_84.png,1,0.013170023448765278,0.013170023448765278,0.24424445629119873,2.698678970336914
data\BraTS2021_slice\test\Ungood\img\00432_92.png,1,0.012383971363306046,0.012383971363306046,0.25884535908699036,2.668144702911377
data\BraTS2021_slice\test\Ungood\img\00436_60.png,1,0.009446065872907639,0.009446065872907639,0.18810811638832092,2.302694082260132
data\BraTS2021_slice\test\Ungood\img\00436_68.png,1,0.010571599006652832,0.010571599006652832,0.20355753600597382,2.391458511352539
data\BraTS2021_slice\test\Ungood\img\00436_76.png,1,0.01265298668295145,0.01265298668295145,0.20211556553840637,2.5098023414611816
data\BraTS2021_slice\test\Ungood\img\00436_84.png,1,0.011217192746698856,0.011217192746698856,0.20584416389465332,2.554439067840576
data\BraTS2021_slice\test\Ungood\img\00436_92.png,1,0.01076435949653387,0.01076435949653387,0.1814756691455841,2.242995500564575
data\BraTS2021_slice\test\Ungood\img\00440_60.png,1,0.008724398910999298,0.008724398910999298,0.23292209208011627,2.9612908363342285
data\BraTS2021_slice\test\Ungood\img\00440_68.png,1,0.01211882196366787,0.01211882196366787,0.3334938883781433,3.9966602325439453
data\BraTS2021_slice\test\Ungood\img\00440_76.png,1,0.013242238201200962,0.013242238201200962,0.3614192605018616,4.121587753295898
data\BraTS2021_slice\test\Ungood\img\00440_84.png,1,0.012121280655264854,0.012121280655264854,0.4084700644016266,4.595977783203125
data\BraTS2021_slice\test\Ungood\img\00440_92.png,1,0.014457990415394306,0.014457990415394306,0.41178005933761597,4.838503360748291
data\BraTS2021_slice\test\Ungood\img\00443_60.png,1,0.005062607582658529,0.005062607582658529,0.16412986814975739,1.810150146484375
data\BraTS2021_slice\test\Ungood\img\00443_68.png,1,0.005904973950237036,0.005904973950237036,0.164433553814888,1.9884470701217651
data\BraTS2021_slice\test\Ungood\img\00443_76.png,1,0.006185966543853283,0.006185966543853283,0.1774408519268036,2.057988166809082
data\BraTS2021_slice\test\Ungood\img\00443_84.png,1,0.00699538504704833,0.00699538504704833,0.2153773158788681,2.4300808906555176
data\BraTS2021_slice\test\Ungood\img\00443_92.png,1,0.008155904710292816,0.008155904710292816,0.1675143837928772,1.7901533842086792
data\BraTS2021_slice\test\Ungood\img\00445_60.png,1,0.011401655152440071,0.011401655152440071,0.22638210654258728,2.4321038722991943
data\BraTS2021_slice\test\Ungood\img\00445_68.png,1,0.009376398287713528,0.009376398287713528,0.15946686267852783,1.422849178314209
data\BraTS2021_slice\test\Ungood\img\00445_76.png,1,0.008906951174139977,0.008906951174139977,0.1372462809085846,1.3369494676589966
data\BraTS2021_slice\test\Ungood\img\00445_84.png,1,0.006743763107806444,0.006743763107806444,0.13664378225803375,1.4548641443252563
data\BraTS2021_slice\test\Ungood\img\00445_92.png,1,0.008628221228718758,0.008628221228718758,0.14615482091903687,1.6968560218811035
data\BraTS2021_slice\test\Ungood\img\00446_60.png,1,0.01074773445725441,0.01074773445725441,0.3609795868396759,3.8080410957336426
data\BraTS2021_slice\test\Ungood\img\00446_68.png,1,0.010142860002815723,0.010142860002815723,0.3101727068424225,3.011892080307007
data\BraTS2021_slice\test\Ungood\img\00446_76.png,1,0.012596331536769867,0.012596331536769867,0.30856436491012573,2.999835968017578
data\BraTS2021_slice\test\Ungood\img\00446_84.png,1,0.01358659565448761,0.01358659565448761,0.2919473350048065,2.878951072692871
data\BraTS2021_slice\test\Ungood\img\00446_92.png,1,0.012534665875136852,0.012534665875136852,0.3170183300971985,3.4622273445129395
data\BraTS2021_slice\test\Ungood\img\00448_60.png,1,0.007781922351568937,0.007781922351568937,0.16935302317142487,1.7951515913009644
data\BraTS2021_slice\test\Ungood\img\00448_68.png,1,0.006831576582044363,0.006831576582044363,0.15854550898075104,1.9267871379852295
data\BraTS2021_slice\test\Ungood\img\00448_76.png,1,0.006205207668244839,0.006205207668244839,0.12965483963489532,1.427038550376892
data\BraTS2021_slice\test\Ungood\img\00448_84.png,1,0.006596316583454609,0.006596316583454609,0.14287564158439636,1.7359256744384766
data\BraTS2021_slice\test\Ungood\img\00448_92.png,1,0.0062339575961232185,0.0062339575961232185,0.13553602993488312,1.5726983547210693
data\BraTS2021_slice\test\Ungood\img\00449_60.png,1,0.009908019565045834,0.009908019565045834,0.23805983364582062,2.639686107635498
data\BraTS2021_slice\test\Ungood\img\00449_68.png,1,0.012209472246468067,0.012209472246468067,0.24119728803634644,2.483687162399292
data\BraTS2021_slice\test\Ungood\img\00449_76.png,1,0.012318824417889118,0.012318824417889118,0.24472342431545258,2.5844497680664062
data\BraTS2021_slice\test\Ungood\img\00449_84.png,1,0.0108498465269804,0.0108498465269804,0.24977588653564453,2.6291518211364746
data\BraTS2021_slice\test\Ungood\img\00449_92.png,1,0.011131849139928818,0.011131849139928818,0.2393946647644043,2.4447057247161865
data\BraTS2021_slice\test\Ungood\img\00452_60.png,1,0.007986048236489296,0.007986048236489296,0.186004176735878,2.3617289066314697
data\BraTS2021_slice\test\Ungood\img\00452_68.png,1,0.0071136727929115295,0.0071136727929115295,0.18004749715328217,2.2547078132629395
data\BraTS2021_slice\test\Ungood\img\00452_76.png,1,0.008078805170953274,0.008078805170953274,0.2083742320537567,2.4244253635406494
data\BraTS2021_slice\test\Ungood\img\00452_84.png,1,0.006879395805299282,0.006879395805299282,0.20448431372642517,2.4312057495117188
data\BraTS2021_slice\test\Ungood\img\00452_92.png,1,0.007603716570883989,0.007603716570883989,0.1669355183839798,1.9279996156692505
data\BraTS2021_slice\test\Ungood\img\00454_60.png,1,0.007544695865362883,0.007544695865362883,0.17555180191993713,2.015737295150757
data\BraTS2021_slice\test\Ungood\img\00454_68.png,1,0.005551180336624384,0.005551180336624384,0.1483146995306015,1.6649823188781738
data\BraTS2021_slice\test\Ungood\img\00454_76.png,1,0.005068491213023663,0.005068491213023663,0.130514457821846,1.512113094329834
data\BraTS2021_slice\test\Ungood\img\00454_84.png,1,0.006039705593138933,0.006039705593138933,0.11826720833778381,1.406835913658142
data\BraTS2021_slice\test\Ungood\img\00454_92.png,1,0.005604609381407499,0.005604609381407499,0.12876272201538086,1.4614613056182861
data\BraTS2021_slice\test\Ungood\img\00456_60.png,1,0.00820326991379261,0.00820326991379261,0.21680890023708344,2.4819188117980957
data\BraTS2021_slice\test\Ungood\img\00456_68.png,1,0.009338179603219032,0.009338179603219032,0.19389072060585022,2.2483198642730713
data\BraTS2021_slice\test\Ungood\img\00456_76.png,1,0.011572883464396,0.011572883464396,0.17882820963859558,2.0390517711639404
data\BraTS2021_slice\test\Ungood\img\00456_84.png,1,0.009889955632388592,0.009889955632388592,0.18457572162151337,1.9470666646957397
data\BraTS2021_slice\test\Ungood\img\00456_92.png,1,0.011867846362292767,0.011867846362292767,0.18913869559764862,2.071662425994873
data\BraTS2021_slice\test\Ungood\img\00468_60.png,1,0.010089833289384842,0.010089833289384842,0.3431614637374878,3.5379414558410645
data\BraTS2021_slice\test\Ungood\img\00468_68.png,1,0.008450228720903397,0.008450228720903397,0.33528316020965576,3.6660757064819336
data\BraTS2021_slice\test\Ungood\img\00468_76.png,1,0.011235774494707584,0.011235774494707584,0.3199161887168884,3.9190752506256104
data\BraTS2021_slice\test\Ungood\img\00468_84.png,1,0.01043826062232256,0.01043826062232256,0.2480802834033966,2.9438626766204834
data\BraTS2021_slice\test\Ungood\img\00468_92.png,1,0.010207297280430794,0.010207297280430794,0.2399304360151291,2.8913989067077637
data\BraTS2021_slice\test\Ungood\img\00469_60.png,1,0.006600833032280207,0.006600833032280207,0.2667064368724823,2.5260672569274902
data\BraTS2021_slice\test\Ungood\img\00469_68.png,1,0.0064869774505496025,0.0064869774505496025,0.21402060985565186,2.284456729888916
data\BraTS2021_slice\test\Ungood\img\00469_76.png,1,0.00856930110603571,0.00856930110603571,0.2305280715227127,2.3218703269958496
data\BraTS2021_slice\test\Ungood\img\00469_84.png,1,0.007918591611087322,0.007918591611087322,0.2426956743001938,2.5923733711242676
data\BraTS2021_slice\test\Ungood\img\00469_92.png,1,0.007016654126346111,0.007016654126346111,0.22365812957286835,2.486367702484131
data\BraTS2021_slice\test\Ungood\img\00477_60.png,1,0.007720404304563999,0.007720404304563999,0.2666935920715332,3.194681167602539
data\BraTS2021_slice\test\Ungood\img\00477_68.png,1,0.006573687307536602,0.006573687307536602,0.22967831790447235,2.7384421825408936
data\BraTS2021_slice\test\Ungood\img\00477_76.png,1,0.006818476598709822,0.006818476598709822,0.24638943374156952,3.0112881660461426
data\BraTS2021_slice\test\Ungood\img\00477_84.png,1,0.006809729151427746,0.006809729151427746,0.2758375406265259,3.6130189895629883
data\BraTS2021_slice\test\Ungood\img\00477_92.png,1,0.006505328230559826,0.006505328230559826,0.23609411716461182,2.8211166858673096
data\BraTS2021_slice\test\Ungood\img\00480_60.png,1,0.0083151301369071,0.0083151301369071,0.32482200860977173,3.7769289016723633
data\BraTS2021_slice\test\Ungood\img\00480_68.png,1,0.011249029077589512,0.011249029077589512,0.353324294090271,3.9793760776519775
data\BraTS2021_slice\test\Ungood\img\00480_76.png,1,0.013264724053442478,0.013264724053442478,0.38158726692199707,4.6717963218688965
data\BraTS2021_slice\test\Ungood\img\00480_84.png,1,0.01394596602767706,0.01394596602767706,0.5271338820457458,6.306319236755371
data\BraTS2021_slice\test\Ungood\img\00480_92.png,1,0.013806362636387348,0.013806362636387348,0.43036770820617676,5.848841667175293
data\BraTS2021_slice\test\Ungood\img\00481_60.png,1,0.007307924795895815,0.007307924795895815,0.21517926454544067,2.3097541332244873
data\BraTS2021_slice\test\Ungood\img\00481_68.png,1,0.010613800957798958,0.010613800957798958,0.34647777676582336,4.3942084312438965
data\BraTS2021_slice\test\Ungood\img\00481_76.png,1,0.015246577560901642,0.015246577560901642,0.43314290046691895,6.109774112701416
data\BraTS2021_slice\test\Ungood\img\00481_84.png,1,0.013296141289174557,0.013296141289174557,0.37300461530685425,4.882787704467773
data\BraTS2021_slice\test\Ungood\img\00481_92.png,1,0.013088305480778217,0.013088305480778217,0.4355294108390808,5.3600616455078125
data\BraTS2021_slice\test\Ungood\img\00483_60.png,1,0.009973973967134953,0.009973973967134953,0.34240293502807617,3.4678914546966553
data\BraTS2021_slice\test\Ungood\img\00483_68.png,1,0.011091617867350578,0.011091617867350578,0.34666815400123596,3.4469995498657227
data\BraTS2021_slice\test\Ungood\img\00483_76.png,1,0.011716206558048725,0.011716206558048725,0.3017966151237488,3.2388641834259033
data\BraTS2021_slice\test\Ungood\img\00483_84.png,1,0.009125113487243652,0.009125113487243652,0.24971427023410797,2.9973578453063965
data\BraTS2021_slice\test\Ungood\img\00483_92.png,1,0.010054326616227627,0.010054326616227627,0.23751546442508698,3.0592567920684814
data\BraTS2021_slice\test\Ungood\img\00494_60.png,1,0.008957000449299812,0.008957000449299812,0.3060692548751831,3.1070289611816406
data\BraTS2021_slice\test\Ungood\img\00494_68.png,1,0.008534451946616173,0.008534451946616173,0.23066310584545135,2.3786356449127197
data\BraTS2021_slice\test\Ungood\img\00494_76.png,1,0.00955585204064846,0.00955585204064846,0.23253856599330902,2.414128065109253
data\BraTS2021_slice\test\Ungood\img\00494_84.png,1,0.00845727976411581,0.00845727976411581,0.24834702908992767,2.474907398223877
data\BraTS2021_slice\test\Ungood\img\00494_92.png,1,0.00898689590394497,0.00898689590394497,0.289636492729187,2.8503341674804688
data\BraTS2021_slice\test\Ungood\img\00498_60.png,1,0.013643507845699787,0.013643507845699787,0.29819947481155396,3.5079188346862793
data\BraTS2021_slice\test\Ungood\img\00498_68.png,1,0.010186838917434216,0.010186838917434216,0.23624317348003387,2.7521376609802246
data\BraTS2021_slice\test\Ungood\img\00498_76.png,1,0.007986048236489296,0.007986048236489296,0.2413942664861679,2.7627270221710205
data\BraTS2021_slice\test\Ungood\img\00498_84.png,1,0.005725604947656393,0.005725604947656393,0.21739152073860168,2.590108871459961
data\BraTS2021_slice\test\Ungood\img\00498_92.png,1,0.00645011942833662,0.00645011942833662,0.1902092844247818,2.3341362476348877
data\BraTS2021_slice\test\Ungood\img\00499_60.png,1,0.008023279719054699,0.008023279719054699,0.2982945442199707,3.2524750232696533
data\BraTS2021_slice\test\Ungood\img\00499_68.png,1,0.008738052099943161,0.008738052099943161,0.3334304988384247,3.698056697845459
data\BraTS2021_slice\test\Ungood\img\00499_76.png,1,0.00963969063013792,0.00963969063013792,0.3726857602596283,4.265835285186768
data\BraTS2021_slice\test\Ungood\img\00499_84.png,1,0.009264484979212284,0.009264484979212284,0.4315895438194275,4.806990623474121
data\BraTS2021_slice\test\Ungood\img\00499_92.png,1,0.00854143314063549,0.00854143314063549,0.3825303018093109,4.427011013031006
data\BraTS2021_slice\test\Ungood\img\00501_60.png,1,0.007364796474575996,0.007364796474575996,0.2458198219537735,2.6420929431915283
data\BraTS2021_slice\test\Ungood\img\00501_68.png,1,0.007364796474575996,0.007364796474575996,0.23427033424377441,2.6412150859832764
data\BraTS2021_slice\test\Ungood\img\00501_76.png,1,0.00633825920522213,0.00633825920522213,0.2448769360780716,2.666240930557251
data\BraTS2021_slice\test\Ungood\img\00501_84.png,1,0.006986859254539013,0.006986859254539013,0.2288386970758438,2.4346792697906494
data\BraTS2021_slice\test\Ungood\img\00501_92.png,1,0.00606432743370533,0.00606432743370533,0.2761910557746887,3.0457751750946045
data\BraTS2021_slice\test\Ungood\img\00502_60.png,1,0.010871798731386662,0.010871798731386662,0.31403443217277527,3.730715036392212
data\BraTS2021_slice\test\Ungood\img\00502_68.png,1,0.010899176821112633,0.010899176821112633,0.2825053036212921,3.397165298461914
data\BraTS2021_slice\test\Ungood\img\00502_76.png,1,0.00715544493868947,0.00715544493868947,0.2203960120677948,2.5896072387695312
data\BraTS2021_slice\test\Ungood\img\00502_84.png,1,0.007176239509135485,0.007176239509135485,0.20329385995864868,2.3720316886901855
data\BraTS2021_slice\test\Ungood\img\00502_92.png,1,0.0058082896284759045,0.0058082896284759045,0.22066457569599152,2.6587371826171875
data\BraTS2021_slice\test\Ungood\img\00505_60.png,1,0.0071679288521409035,0.0071679288521409035,0.2937745749950409,3.274888753890991
data\BraTS2021_slice\test\Ungood\img\00505_68.png,1,0.009274130687117577,0.009274130687117577,0.22580265998840332,2.4196572303771973
data\BraTS2021_slice\test\Ungood\img\00505_76.png,1,0.008133950643241405,0.008133950643241405,0.22691668570041656,2.562870979309082
data\BraTS2021_slice\test\Ungood\img\00505_84.png,1,0.007627197075635195,0.007627197075635195,0.20632100105285645,2.195495367050171
data\BraTS2021_slice\test\Ungood\img\00505_92.png,1,0.006982592400163412,0.006982592400163412,0.22295722365379333,2.3707239627838135
data\BraTS2021_slice\test\Ungood\img\00507_60.png,1,0.008703879080712795,0.008703879080712795,0.310057133436203,3.2142510414123535
data\BraTS2021_slice\test\Ungood\img\00507_68.png,1,0.008930342271924019,0.008930342271924019,0.2960149049758911,3.055955648422241
data\BraTS2021_slice\test\Ungood\img\00507_76.png,1,0.010948284529149532,0.010948284529149532,0.29703906178474426,3.032917022705078
data\BraTS2021_slice\test\Ungood\img\00507_84.png,1,0.012563164345920086,0.012563164345920086,0.3096836805343628,2.8327605724334717
data\BraTS2021_slice\test\Ungood\img\00507_92.png,1,0.013612892478704453,0.013612892478704453,0.2992461919784546,3.2650113105773926
data\BraTS2021_slice\test\Ungood\img\00510_60.png,1,0.007299764081835747,0.007299764081835747,0.26754748821258545,2.943742513656616
data\BraTS2021_slice\test\Ungood\img\00510_68.png,1,0.006636854261159897,0.006636854261159897,0.30629199743270874,3.3230292797088623
data\BraTS2021_slice\test\Ungood\img\00510_76.png,1,0.005161712411791086,0.005161712411791086,0.312315434217453,3.4909274578094482
data\BraTS2021_slice\test\Ungood\img\00510_84.png,1,0.007075867615640163,0.007075867615640163,0.3449159264564514,3.4136760234832764
data\BraTS2021_slice\test\Ungood\img\00510_92.png,1,0.007720404304563999,0.007720404304563999,0.29001545906066895,3.021106719970703
data\BraTS2021_slice\test\Ungood\img\00512_60.png,1,0.008064035326242447,0.008064035326242447,0.21595881879329681,2.3137316703796387
data\BraTS2021_slice\test\Ungood\img\00512_68.png,1,0.01076435949653387,0.01076435949653387,0.3009798228740692,3.1273703575134277
data\BraTS2021_slice\test\Ungood\img\00512_76.png,1,0.008631674572825432,0.008631674572825432,0.2570441663265228,3.128237724304199
data\BraTS2021_slice\test\Ungood\img\00512_84.png,1,0.010104591026902199,0.010104591026902199,0.2740916609764099,3.3010566234588623
data\BraTS2021_slice\test\Ungood\img\00512_92.png,1,0.009938052855432034,0.009938052855432034,0.2658088505268097,3.4189555644989014
data\BraTS2021_slice\test\Ungood\img\00513_60.png,1,0.008421966806054115,0.008421966806054115,0.22534367442131042,2.5845353603363037
data\BraTS2021_slice\test\Ungood\img\00513_68.png,1,0.010216052643954754,0.010216052643954754,0.2869841754436493,2.727368116378784
data\BraTS2021_slice\test\Ungood\img\00513_76.png,1,0.010636240243911743,0.010636240243911743,0.262429803609848,2.8054192066192627
data\BraTS2021_slice\test\Ungood\img\00513_84.png,1,0.010778193362057209,0.010778193362057209,0.28331705927848816,3.0119826793670654
data\BraTS2021_slice\test\Ungood\img\00513_92.png,1,0.0083151301369071,0.0083151301369071,0.24173276126384735,2.860590696334839
data\BraTS2021_slice\test\Ungood\img\00517_60.png,1,0.011495368555188179,0.011495368555188179,0.4003378748893738,4.2966461181640625
data\BraTS2021_slice\test\Ungood\img\00517_68.png,1,0.012962465174496174,0.012962465174496174,0.42104920744895935,4.477595806121826
data\BraTS2021_slice\test\Ungood\img\00517_76.png,1,0.013886000961065292,0.013886000961065292,0.43102627992630005,4.319222927093506
data\BraTS2021_slice\test\Ungood\img\00517_84.png,1,0.015111101791262627,0.015111101791262627,0.45786625146865845,4.5942816734313965
data\BraTS2021_slice\test\Ungood\img\00517_92.png,1,0.015162292867898941,0.015162292867898941,0.4787538945674896,5.094722747802734
data\BraTS2021_slice\test\Ungood\img\00518_60.png,1,0.006454738322645426,0.006454738322645426,0.3122706711292267,3.5946812629699707
data\BraTS2021_slice\test\Ungood\img\00518_68.png,1,0.0078125,0.0078125,0.288455605506897,3.3111777305603027
data\BraTS2021_slice\test\Ungood\img\00518_76.png,1,0.008019564673304558,0.008019564673304558,0.3010406792163849,3.330203056335449
data\BraTS2021_slice\test\Ungood\img\00518_84.png,1,0.008963651955127716,0.008963651955127716,0.3109217584133148,3.2876038551330566
data\BraTS2021_slice\test\Ungood\img\00518_92.png,1,0.006523627322167158,0.006523627322167158,0.21775031089782715,2.480877637863159
data\BraTS2021_slice\test\Ungood\img\00519_60.png,1,0.006142453756183386,0.006142453756183386,0.22425493597984314,2.3906304836273193
data\BraTS2021_slice\test\Ungood\img\00519_68.png,1,0.0075840940698981285,0.0075840940698981285,0.25465020537376404,2.748572587966919
data\BraTS2021_slice\test\Ungood\img\00519_76.png,1,0.007497144863009453,0.007497144863009453,0.2536690831184387,2.854172945022583
data\BraTS2021_slice\test\Ungood\img\00519_84.png,1,0.007316076196730137,0.007316076196730137,0.21137091517448425,2.444490909576416
data\BraTS2021_slice\test\Ungood\img\00519_92.png,1,0.00684465141966939,0.00684465141966939,0.22946302592754364,2.678131580352783
data\BraTS2021_slice\test\Ungood\img\00526_60.png,1,0.009505821391940117,0.009505821391940117,0.36863914132118225,4.544327735900879
data\BraTS2021_slice\test\Ungood\img\00526_68.png,1,0.009079274721443653,0.009079274721443653,0.37295088171958923,4.1160502433776855
data\BraTS2021_slice\test\Ungood\img\00526_76.png,1,0.00827200897037983,0.00827200897037983,0.374894917011261,3.8821768760681152
data\BraTS2021_slice\test\Ungood\img\00526_84.png,1,0.0073607489466667175,0.0073607489466667175,0.3088906407356262,3.163419008255005
data\BraTS2021_slice\test\Ungood\img\00526_92.png,1,0.007050551474094391,0.007050551474094391,0.26099470257759094,2.7865569591522217
data\BraTS2021_slice\test\Ungood\img\00528_60.png,1,0.009728934615850449,0.009728934615850449,0.37022683024406433,3.9025492668151855
data\BraTS2021_slice\test\Ungood\img\00528_68.png,1,0.0086074722930789,0.0086074722930789,0.3320446014404297,3.4562246799468994
data\BraTS2021_slice\test\Ungood\img\00528_76.png,1,0.008115610107779503,0.008115610107779503,0.295118510723114,2.8489089012145996
data\BraTS2021_slice\test\Ungood\img\00528_84.png,1,0.009222571738064289,0.009222571738064289,0.2849907875061035,2.669943332672119
data\BraTS2021_slice\test\Ungood\img\00528_92.png,1,0.008576254360377789,0.008576254360377789,0.24084092676639557,2.3530216217041016
data\BraTS2021_slice\test\Ungood\img\00529_60.png,1,0.006059410981833935,0.006059410981833935,0.22827668488025665,2.704057216644287
data\BraTS2021_slice\test\Ungood\img\00529_68.png,1,0.005965230520814657,0.005965230520814657,0.3010086119174957,3.708716630935669
data\BraTS2021_slice\test\Ungood\img\00529_76.png,1,0.007603716570883989,0.007603716570883989,0.3412536084651947,4.57636022567749
data\BraTS2021_slice\test\Ungood\img\00529_84.png,1,0.009010079316794872,0.009010079316794872,0.34969037771224976,4.435058116912842
data\BraTS2021_slice\test\Ungood\img\00529_92.png,1,0.008849887177348137,0.008849887177348137,0.3112795054912567,3.8642213344573975
data\BraTS2021_slice\test\Ungood\img\00533_60.png,1,0.008429041132330894,0.008429041132330894,0.20445938408374786,2.1695170402526855
data\BraTS2021_slice\test\Ungood\img\00533_68.png,1,0.010381001979112625,0.010381001979112625,0.28784146904945374,3.191420555114746
data\BraTS2021_slice\test\Ungood\img\00533_76.png,1,0.009859775193035603,0.009859775193035603,0.25486141443252563,3.074019432067871
data\BraTS2021_slice\test\Ungood\img\00533_84.png,1,0.00619078241288662,0.00619078241288662,0.20759057998657227,2.376903772354126
data\BraTS2021_slice\test\Ungood\img\00533_92.png,1,0.0075722960755229,0.0075722960755229,0.2261296510696411,2.6591708660125732
data\BraTS2021_slice\test\Ungood\img\00538_60.png,1,0.011193254962563515,0.011193254962563515,0.37632447481155396,3.5964179039001465
data\BraTS2021_slice\test\Ungood\img\00538_68.png,1,0.00866613257676363,0.00866613257676363,0.2868238687515259,2.9972589015960693
data\BraTS2021_slice\test\Ungood\img\00538_76.png,1,0.0086074722930789,0.0086074722930789,0.33570343255996704,3.439361572265625
data\BraTS2021_slice\test\Ungood\img\00538_84.png,1,0.00828281044960022,0.00828281044960022,0.25441744923591614,2.5663676261901855
data\BraTS2021_slice\test\Ungood\img\00538_92.png,1,0.010033556260168552,0.010033556260168552,0.270600825548172,3.082418203353882
data\BraTS2021_slice\test\Ungood\img\00539_60.png,1,0.008333031088113785,0.008333031088113785,0.2983008325099945,3.6109461784362793
data\BraTS2021_slice\test\Ungood\img\00539_68.png,1,0.006181146949529648,0.006181146949529648,0.28925079107284546,3.533773183822632
data\BraTS2021_slice\test\Ungood\img\00539_76.png,1,0.008082493208348751,0.008082493208348751,0.2980559170246124,3.5308194160461426
data\BraTS2021_slice\test\Ungood\img\00539_84.png,1,0.006827212404459715,0.006827212404459715,0.2541138231754303,2.9315223693847656
data\BraTS2021_slice\test\Ungood\img\00539_92.png,1,0.006991123780608177,0.006991123780608177,0.25393933057785034,2.9230592250823975
data\BraTS2021_slice\test\Ungood\img\00543_60.png,1,0.0115341916680336,0.0115341916680336,0.37867262959480286,4.356762409210205
data\BraTS2021_slice\test\Ungood\img\00543_68.png,1,0.012054713442921638,0.012054713442921638,0.3736807703971863,3.6793465614318848
data\BraTS2021_slice\test\Ungood\img\00543_76.png,1,0.012939453125,0.012939453125,0.4240429103374481,4.5466413497924805
data\BraTS2021_slice\test\Ungood\img\00543_84.png,1,0.009596310555934906,0.009596310555934906,0.33368805050849915,3.699389696121216
data\BraTS2021_slice\test\Ungood\img\00543_92.png,1,0.008806000463664532,0.008806000463664532,0.318524569272995,3.5137417316436768
data\BraTS2021_slice\test\Ungood\img\00548_60.png,1,0.015517820604145527,0.015517820604145527,0.26942503452301025,3.2878623008728027
data\BraTS2021_slice\test\Ungood\img\00548_68.png,1,0.014124331995844841,0.014124331995844841,0.2681105434894562,3.0990519523620605
data\BraTS2021_slice\test\Ungood\img\00548_76.png,1,0.01624223403632641,0.01624223403632641,0.28754210472106934,2.8892745971679688
data\BraTS2021_slice\test\Ungood\img\00548_84.png,1,0.0153847336769104,0.0153847336769104,0.3289704918861389,3.4388339519500732
data\BraTS2021_slice\test\Ungood\img\00548_92.png,1,0.01184019073843956,0.01184019073843956,0.35445964336395264,3.4206736087799072
data\BraTS2021_slice\test\Ungood\img\00552_60.png,1,0.015061715617775917,0.015061715617775917,0.33673232793807983,3.5382020473480225
data\BraTS2021_slice\test\Ungood\img\00552_68.png,1,0.01263413019478321,0.01263413019478321,0.26002565026283264,3.028517961502075
data\BraTS2021_slice\test\Ungood\img\00552_76.png,1,0.013314060866832733,0.013314060866832733,0.2678065896034241,2.997194766998291
data\BraTS2021_slice\test\Ungood\img\00552_84.png,1,0.012415217235684395,0.012415217235684395,0.2498035579919815,2.894544839859009
data\BraTS2021_slice\test\Ungood\img\00552_92.png,1,0.008963651955127716,0.008963651955127716,0.21280427277088165,2.4017043113708496
data\BraTS2021_slice\test\Ungood\img\00558_60.png,1,0.006999643985182047,0.006999643985182047,0.2521502375602722,3.038010835647583
data\BraTS2021_slice\test\Ungood\img\00558_68.png,1,0.00645935395732522,0.00645935395732522,0.25171348452568054,2.834355115890503
data\BraTS2021_slice\test\Ungood\img\00558_76.png,1,0.010418255813419819,0.010418255813419819,0.30758440494537354,3.4171488285064697
data\BraTS2021_slice\test\Ungood\img\00558_84.png,1,0.01200268417596817,0.01200268417596817,0.4160352945327759,4.30224609375
data\BraTS2021_slice\test\Ungood\img\00558_92.png,1,0.01263177115470171,0.01263177115470171,0.3720545470714569,3.9409220218658447
data\BraTS2021_slice\test\Ungood\img\00559_60.png,1,0.009738120250403881,0.009738120250403881,0.2535986304283142,2.5934669971466064
data\BraTS2021_slice\test\Ungood\img\00559_68.png,1,0.007666171062737703,0.007666171062737703,0.201673224568367,2.2120656967163086
data\BraTS2021_slice\test\Ungood\img\00559_76.png,1,0.007595873437821865,0.007595873437821865,0.17155228555202484,1.7748442888259888
data\BraTS2021_slice\test\Ungood\img\00559_84.png,1,0.0073890360072255135,0.0073890360072255135,0.191109299659729,2.0192155838012695
data\BraTS2021_slice\test\Ungood\img\00559_92.png,1,0.013713229447603226,0.013713229447603226,0.267831027507782,3.5534722805023193
data\BraTS2021_slice\test\Ungood\img\00561_60.png,1,0.011091617867350578,0.011091617867350578,0.3384500741958618,3.82672119140625
data\BraTS2021_slice\test\Ungood\img\00561_68.png,1,0.011495368555188179,0.011495368555188179,0.27377715706825256,3.2578489780426025
data\BraTS2021_slice\test\Ungood\img\00561_76.png,1,0.01344326138496399,0.01344326138496399,0.315518856048584,3.674778699874878
data\BraTS2021_slice\test\Ungood\img\00561_84.png,1,0.013174548745155334,0.013174548745155334,0.2731929421424866,3.3969733715057373
data\BraTS2021_slice\test\Ungood\img\00561_92.png,1,0.014350402168929577,0.014350402168929577,0.2812349498271942,3.5753061771392822
data\BraTS2021_slice\test\Ungood\img\00565_60.png,1,0.012683569453656673,0.012683569453656673,0.2949208617210388,3.2917799949645996
data\BraTS2021_slice\test\Ungood\img\00565_68.png,1,0.011249029077589512,0.011249029077589512,0.24288615584373474,2.8471500873565674
data\BraTS2021_slice\test\Ungood\img\00565_76.png,1,0.008621309883892536,0.008621309883892536,0.208962544798851,2.4241678714752197
data\BraTS2021_slice\test\Ungood\img\00565_84.png,1,0.007846756838262081,0.007846756838262081,0.19781842827796936,2.2474803924560547
data\BraTS2021_slice\test\Ungood\img\00565_92.png,1,0.0086074722930789,0.0086074722930789,0.17783929407596588,1.9563792943954468
data\BraTS2021_slice\test\Ungood\img\00567_60.png,1,0.005833888426423073,0.005833888426423073,0.18507128953933716,2.2865190505981445
data\BraTS2021_slice\test\Ungood\img\00567_68.png,1,0.004846053197979927,0.004846053197979927,0.1311628371477127,1.4779590368270874
data\BraTS2021_slice\test\Ungood\img\00567_76.png,1,0.007344535551965237,0.007344535551965237,0.18767359852790833,2.1996567249298096
data\BraTS2021_slice\test\Ungood\img\00567_84.png,1,0.00789597723633051,0.00789597723633051,0.15216520428657532,1.792057991027832
data\BraTS2021_slice\test\Ungood\img\00567_92.png,1,0.007997236214578152,0.007997236214578152,0.12853313982486725,1.4407933950424194
data\BraTS2021_slice\test\Ungood\img\00568_60.png,1,0.008290003053843975,0.008290003053843975,0.16230551898479462,1.8001081943511963
data\BraTS2021_slice\test\Ungood\img\00568_68.png,1,0.00751302856951952,0.00751302856951952,0.18278709053993225,2.2007603645324707
data\BraTS2021_slice\test\Ungood\img\00568_76.png,1,0.0070632207207381725,0.0070632207207381725,0.17790520191192627,2.099923849105835
data\BraTS2021_slice\test\Ungood\img\00568_84.png,1,0.007025144062936306,0.007025144062936306,0.1594967246055603,1.7571276426315308
data\BraTS2021_slice\test\Ungood\img\00568_92.png,1,0.006333555560559034,0.006333555560559034,0.14564427733421326,1.6015174388885498
data\BraTS2021_slice\test\Ungood\img\00569_60.png,1,0.00828281044960022,0.00828281044960022,0.19033712148666382,2.1501829624176025
data\BraTS2021_slice\test\Ungood\img\00569_68.png,1,0.007918591611087322,0.007918591611087322,0.1548280566930771,1.7495533227920532
data\BraTS2021_slice\test\Ungood\img\00569_76.png,1,0.008610934019088745,0.008610934019088745,0.17321981489658356,2.1929609775543213
data\BraTS2021_slice\test\Ungood\img\00569_84.png,1,0.007869512774050236,0.007869512774050236,0.16470199823379517,1.9592821598052979
data\BraTS2021_slice\test\Ungood\img\00569_92.png,1,0.009219340048730373,0.009219340048730373,0.16986651718616486,2.0101757049560547
data\BraTS2021_slice\test\Ungood\img\00572_60.png,1,0.00789597723633051,0.00789597723633051,0.16046187281608582,1.7712270021438599
data\BraTS2021_slice\test\Ungood\img\00572_68.png,1,0.007770425174385309,0.007770425174385309,0.14650729298591614,1.7911961078643799
data\BraTS2021_slice\test\Ungood\img\00572_76.png,1,0.006079052574932575,0.006079052574932575,0.11917831003665924,1.386897325515747
data\BraTS2021_slice\test\Ungood\img\00572_84.png,1,0.006333555560559034,0.006333555560559034,0.10776197910308838,1.2425187826156616
data\BraTS2021_slice\test\Ungood\img\00572_92.png,1,0.005636423826217651,0.005636423826217651,0.11376351863145828,1.328305959701538
data\BraTS2021_slice\test\Ungood\img\00575_60.png,1,0.01788569614291191,0.01788569614291191,0.31237196922302246,4.216452598571777
data\BraTS2021_slice\test\Ungood\img\00575_68.png,1,0.019075805321335793,0.019075805321335793,0.3226766884326935,4.3510589599609375
data\BraTS2021_slice\test\Ungood\img\00575_76.png,1,0.018607616424560547,0.018607616424560547,0.35367339849472046,4.697857856750488
data\BraTS2021_slice\test\Ungood\img\00575_84.png,1,0.017596764490008354,0.017596764490008354,0.30561161041259766,4.0743279457092285
data\BraTS2021_slice\test\Ungood\img\00575_92.png,1,0.01170348096638918,0.01170348096638918,0.20521624386310577,2.9254231452941895
data\BraTS2021_slice\test\Ungood\img\00577_60.png,1,0.006982592400163412,0.006982592400163412,0.21698571741580963,2.807690143585205
data\BraTS2021_slice\test\Ungood\img\00577_68.png,1,0.006857701111584902,0.006857701111584902,0.1664402037858963,1.9585047960281372
data\BraTS2021_slice\test\Ungood\img\00577_76.png,1,0.00634765625,0.00634765625,0.17042532563209534,1.9043734073638916
data\BraTS2021_slice\test\Ungood\img\00577_84.png,1,0.006926885340362787,0.006926885340362787,0.18634329736232758,2.25559401512146
data\BraTS2021_slice\test\Ungood\img\00577_92.png,1,0.006659268401563168,0.006659268401563168,0.16174723207950592,1.8487255573272705
data\BraTS2021_slice\test\Ungood\img\00579_60.png,1,0.006103515625,0.006103515625,0.14765794575214386,1.7631741762161255
data\BraTS2021_slice\test\Ungood\img\00579_68.png,1,0.0064869774505496025,0.0064869774505496025,0.14630265533924103,1.69088613986969
data\BraTS2021_slice\test\Ungood\img\00579_76.png,1,0.006468574982136488,0.006468574982136488,0.14210917055606842,1.661929726600647
data\BraTS2021_slice\test\Ungood\img\00579_84.png,1,0.0066413432359695435,0.0066413432359695435,0.1338990330696106,1.5508009195327759
data\BraTS2021_slice\test\Ungood\img\00579_92.png,1,0.006757007911801338,0.006757007911801338,0.13432763516902924,1.5252922773361206
data\BraTS2021_slice\test\Ungood\img\00581_60.png,1,0.006792201194912195,0.006792201194912195,0.31439444422721863,2.771796464920044
data\BraTS2021_slice\test\Ungood\img\00581_68.png,1,0.008217789232730865,0.008217789232730865,0.2683360278606415,2.339428186416626
data\BraTS2021_slice\test\Ungood\img\00581_76.png,1,0.007770425174385309,0.007770425174385309,0.23017410933971405,2.256878137588501
data\BraTS2021_slice\test\Ungood\img\00581_84.png,1,0.009299803525209427,0.009299803525209427,0.24092194437980652,2.4011452198028564
data\BraTS2021_slice\test\Ungood\img\00581_92.png,1,0.01025390625,0.01025390625,0.2176811546087265,2.3493146896362305
data\BraTS2021_slice\test\Ungood\img\00583_60.png,1,0.012760872952640057,0.012760872952640057,0.225705087184906,2.6798906326293945
data\BraTS2021_slice\test\Ungood\img\00583_68.png,1,0.012270343489944935,0.012270343489944935,0.251585453748703,2.7705564498901367
data\BraTS2021_slice\test\Ungood\img\00583_76.png,1,0.014225251041352749,0.014225251041352749,0.2628716230392456,3.159646987915039
data\BraTS2021_slice\test\Ungood\img\00583_84.png,1,0.013318536803126335,0.013318536803126335,0.2644929587841034,3.3017385005950928
data\BraTS2021_slice\test\Ungood\img\00583_92.png,1,0.009258049540221691,0.009258049540221691,0.15265963971614838,1.977034091949463
data\BraTS2021_slice\test\Ungood\img\00586_60.png,1,0.007176239509135485,0.007176239509135485,0.24700213968753815,3.1053977012634277
data\BraTS2021_slice\test\Ungood\img\00586_68.png,1,0.006291063968092203,0.006291063968092203,0.1844712793827057,2.216094732284546
data\BraTS2021_slice\test\Ungood\img\00586_76.png,1,0.006537318229675293,0.006537318229675293,0.16743914783000946,2.0024771690368652
data\BraTS2021_slice\test\Ungood\img\00586_84.png,1,0.006477782968431711,0.006477782968431711,0.12034674733877182,1.3414878845214844
data\BraTS2021_slice\test\Ungood\img\00586_92.png,1,0.004846053197979927,0.004846053197979927,0.11410881578922272,1.263930082321167
data\BraTS2021_slice\test\Ungood\img\00587_60.png,1,0.006505328230559826,0.006505328230559826,0.16903510689735413,2.153548002243042
data\BraTS2021_slice\test\Ungood\img\00587_68.png,1,0.007564420811831951,0.007564420811831951,0.1249430924654007,1.4777045249938965
data\BraTS2021_slice\test\Ungood\img\00587_76.png,1,0.005715185310691595,0.005715185310691595,0.11406543850898743,1.3552383184432983
data\BraTS2021_slice\test\Ungood\img\00587_84.png,1,0.00630525965243578,0.00630525965243578,0.13200801610946655,1.5940579175949097
data\BraTS2021_slice\test\Ungood\img\00587_92.png,1,0.00797110702842474,0.00797110702842474,0.15029090642929077,1.8215373754501343
data\BraTS2021_slice\test\Ungood\img\00588_60.png,1,0.007409175392240286,0.007409175392240286,0.2745281159877777,2.8870797157287598
data\BraTS2021_slice\test\Ungood\img\00588_68.png,1,0.008137613534927368,0.008137613534927368,0.25020819902420044,3.044365167617798
data\BraTS2021_slice\test\Ungood\img\00588_76.png,1,0.00910876877605915,0.00910876877605915,0.27528053522109985,3.06685733795166
data\BraTS2021_slice\test\Ungood\img\00588_84.png,1,0.011782156303524971,0.011782156303524971,0.2842749059200287,2.8061366081237793
data\BraTS2021_slice\test\Ungood\img\00588_92.png,1,0.010983615182340145,0.010983615182340145,0.27312955260276794,2.7505080699920654
data\BraTS2021_slice\test\Ungood\img\00590_60.png,1,0.008778884075582027,0.008778884075582027,0.16736529767513275,1.8922929763793945
data\BraTS2021_slice\test\Ungood\img\00590_68.png,1,0.006686066277325153,0.006686066277325153,0.14518442749977112,1.6025071144104004
data\BraTS2021_slice\test\Ungood\img\00590_76.png,1,0.007429259829223156,0.007429259829223156,0.12372300773859024,1.4094702005386353
data\BraTS2021_slice\test\Ungood\img\00590_84.png,1,0.008638577535748482,0.008638577535748482,0.11777698993682861,1.3383598327636719
data\BraTS2021_slice\test\Ungood\img\00590_92.png,1,0.007956137880682945,0.007956137880682945,0.12429366260766983,1.5441488027572632
data\BraTS2021_slice\test\Ungood\img\00591_60.png,1,0.007225902751088142,0.007225902751088142,0.1747070997953415,2.1658639907836914
data\BraTS2021_slice\test\Ungood\img\00591_68.png,1,0.005849193781614304,0.005849193781614304,0.12305670976638794,1.3884047269821167
data\BraTS2021_slice\test\Ungood\img\00591_76.png,1,0.006385105662047863,0.006385105662047863,0.11826543509960175,1.3255293369293213
data\BraTS2021_slice\test\Ungood\img\00591_84.png,1,0.006765823345631361,0.006765823345631361,0.09752414375543594,1.0846680402755737
data\BraTS2021_slice\test\Ungood\img\00591_92.png,1,0.00626257574185729,0.00626257574185729,0.09889103472232819,1.1188015937805176
data\BraTS2021_slice\test\Ungood\img\00605_60.png,1,0.00794864259660244,0.00794864259660244,0.3449074625968933,4.4162278175354
data\BraTS2021_slice\test\Ungood\img\00605_68.png,1,0.008397160097956657,0.008397160097956657,0.27585357427597046,3.310081720352173
data\BraTS2021_slice\test\Ungood\img\00605_76.png,1,0.008748278021812439,0.008748278021812439,0.29343685507774353,3.389045000076294
data\BraTS2021_slice\test\Ungood\img\00605_84.png,1,0.007196974009275436,0.007196974009275436,0.26639658212661743,3.016745090484619
data\BraTS2021_slice\test\Ungood\img\00605_92.png,1,0.007352646440267563,0.007352646440267563,0.2311801016330719,2.531017303466797
data\BraTS2021_slice\test\Ungood\img\00606_60.png,1,0.008662693202495575,0.008662693202495575,0.3734668493270874,4.3982439041137695
data\BraTS2021_slice\test\Ungood\img\00606_68.png,1,0.007697208318859339,0.007697208318859339,0.35909393429756165,4.2073822021484375
data\BraTS2021_slice\test\Ungood\img\00606_76.png,1,0.008012128062546253,0.008012128062546253,0.29675137996673584,3.518172264099121
data\BraTS2021_slice\test\Ungood\img\00606_84.png,1,0.0070842863060534,0.0070842863060534,0.3119571805000305,3.8686177730560303
data\BraTS2021_slice\test\Ungood\img\00606_92.png,1,0.007283415179699659,0.007283415179699659,0.2018771916627884,2.4403655529022217
data\BraTS2021_slice\test\Ungood\img\00607_60.png,1,0.013864521868526936,0.013864521868526936,0.3181094825267792,4.3283586502075195
data\BraTS2021_slice\test\Ungood\img\00607_68.png,1,0.014737684279680252,0.014737684279680252,0.31348633766174316,4.512319087982178
data\BraTS2021_slice\test\Ungood\img\00607_76.png,1,0.019980788230895996,0.019980788230895996,0.36239737272262573,5.038854122161865
data\BraTS2021_slice\test\Ungood\img\00607_84.png,1,0.012953264638781548,0.012953264638781548,0.2958802580833435,3.7304911613464355
data\BraTS2021_slice\test\Ungood\img\00607_92.png,1,0.007666171062737703,0.007666171062737703,0.19224503636360168,2.1808557510375977
data\BraTS2021_slice\test\Ungood\img\00608_60.png,1,0.00740515161305666,0.00740515161305666,0.23693616688251495,2.4143199920654297
data\BraTS2021_slice\test\Ungood\img\00608_68.png,1,0.006000100634992123,0.006000100634992123,0.22185063362121582,2.575605630874634
data\BraTS2021_slice\test\Ungood\img\00608_76.png,1,0.008023279719054699,0.008023279719054699,0.22299107909202576,2.5146713256835938
data\BraTS2021_slice\test\Ungood\img\00608_84.png,1,0.01023936364799738,0.01023936364799738,0.300689160823822,3.2933781147003174
data\BraTS2021_slice\test\Ungood\img\00608_92.png,1,0.011495368555188179,0.011495368555188179,0.35962367057800293,3.819281816482544
data\BraTS2021_slice\test\Ungood\img\00610_60.png,1,0.008115610107779503,0.008115610107779503,0.3215077519416809,4.071817398071289
data\BraTS2021_slice\test\Ungood\img\00610_68.png,1,0.007122046779841185,0.007122046779841185,0.3738425374031067,4.580209255218506
data\BraTS2021_slice\test\Ungood\img\00610_76.png,1,0.00739709846675396,0.00739709846675396,0.35252946615219116,4.353721618652344
data\BraTS2021_slice\test\Ungood\img\00610_84.png,1,0.006413049530237913,0.006413049530237913,0.3238835632801056,4.008917331695557
data\BraTS2021_slice\test\Ungood\img\00610_92.png,1,0.005599289666861296,0.005599289666861296,0.2560817301273346,3.0434746742248535
data\BraTS2021_slice\test\Ungood\img\00611_60.png,1,0.0076817055232822895,0.0076817055232822895,0.333752304315567,3.714245319366455
data\BraTS2021_slice\test\Ungood\img\00611_68.png,1,0.009823436848819256,0.009823436848819256,0.2828601598739624,3.343386650085449
data\BraTS2021_slice\test\Ungood\img\00611_76.png,1,0.007230025716125965,0.007230025716125965,0.2707313299179077,3.22845458984375
data\BraTS2021_slice\test\Ungood\img\00611_84.png,1,0.006743763107806444,0.006743763107806444,0.2250765860080719,2.763953924179077
data\BraTS2021_slice\test\Ungood\img\00611_92.png,1,0.005567262880504131,0.005567262880504131,0.2125951200723648,2.4218015670776367
data\BraTS2021_slice\test\Ungood\img\00616_60.png,1,0.010874539613723755,0.010874539613723755,0.36493250727653503,4.174699783325195
data\BraTS2021_slice\test\Ungood\img\00616_68.png,1,0.007997236214578152,0.007997236214578152,0.27767032384872437,3.0244252681732178
data\BraTS2021_slice\test\Ungood\img\00616_76.png,1,0.0070632207207381725,0.0070632207207381725,0.23363423347473145,2.3609864711761475
data\BraTS2021_slice\test\Ungood\img\00616_84.png,1,0.0083151301369071,0.0083151301369071,0.24859611690044403,2.5211124420166016
data\BraTS2021_slice\test\Ungood\img\00616_92.png,1,0.009826470166444778,0.009826470166444778,0.25235894322395325,2.617194652557373
data\BraTS2021_slice\test\Ungood\img\00619_60.png,1,0.007888425141572952,0.007888425141572952,0.26629549264907837,2.9430642127990723
data\BraTS2021_slice\test\Ungood\img\00619_68.png,1,0.006956936791539192,0.006956936791539192,0.2549668252468109,2.8588545322418213
data\BraTS2021_slice\test\Ungood\img\00619_76.png,1,0.0069311861880123615,0.0069311861880123615,0.26168519258499146,2.965829849243164
data\BraTS2021_slice\test\Ungood\img\00619_84.png,1,0.007008154410868883,0.007008154410868883,0.28574952483177185,3.184375762939453
data\BraTS2021_slice\test\Ungood\img\00619_92.png,1,0.009085836820304394,0.009085836820304394,0.30825987458229065,3.1890110969543457
data\BraTS2021_slice\test\Ungood\img\00620_60.png,1,0.007835354655981064,0.007835354655981064,0.24882912635803223,2.7927756309509277
data\BraTS2021_slice\test\Ungood\img\00620_68.png,1,0.008078805170953274,0.008078805170953274,0.25305840373039246,2.9026477336883545
data\BraTS2021_slice\test\Ungood\img\00620_76.png,1,0.009799136780202389,0.009799136780202389,0.2345774620771408,2.7851765155792236
data\BraTS2021_slice\test\Ungood\img\00620_84.png,1,0.008286407217383385,0.008286407217383385,0.2660651206970215,2.9408833980560303
data\BraTS2021_slice\test\Ungood\img\00620_92.png,1,0.01120389997959137,0.01120389997959137,0.2741870880126953,3.041126251220703
data\BraTS2021_slice\test\Ungood\img\00623_60.png,1,0.007109482306987047,0.007109482306987047,0.2462901920080185,2.727816104888916
data\BraTS2021_slice\test\Ungood\img\00623_68.png,1,0.007225902751088142,0.007225902751088142,0.26601672172546387,3.0239391326904297
data\BraTS2021_slice\test\Ungood\img\00623_76.png,1,0.00842550490051508,0.00842550490051508,0.2328474521636963,2.621619462966919
data\BraTS2021_slice\test\Ungood\img\00623_84.png,1,0.007846756838262081,0.007846756838262081,0.19572535157203674,2.2499003410339355
data\BraTS2021_slice\test\Ungood\img\00623_92.png,1,0.006948363967239857,0.006948363967239857,0.2185671180486679,2.573834180831909
data\BraTS2021_slice\test\Ungood\img\00625_60.png,1,0.008393609896302223,0.008393609896302223,0.4236591160297394,4.933154582977295
data\BraTS2021_slice\test\Ungood\img\00625_68.png,1,0.009105496108531952,0.009105496108531952,0.40907809138298035,4.4737935066223145
data\BraTS2021_slice\test\Ungood\img\00625_76.png,1,0.008537943474948406,0.008537943474948406,0.423665314912796,4.49621057510376
data\BraTS2021_slice\test\Ungood\img\00625_84.png,1,0.009744239039719105,0.009744239039719105,0.41139721870422363,3.8316996097564697
data\BraTS2021_slice\test\Ungood\img\00625_92.png,1,0.008720981888473034,0.008720981888473034,0.3585694134235382,3.3821375370025635
data\BraTS2021_slice\test\Ungood\img\00630_60.png,1,0.007986048236489296,0.007986048236489296,0.27586162090301514,3.343475341796875
data\BraTS2021_slice\test\Ungood\img\00630_68.png,1,0.008340180851519108,0.008340180851519108,0.34270450472831726,4.001249313354492
data\BraTS2021_slice\test\Ungood\img\00630_76.png,1,0.008152250200510025,0.008152250200510025,0.3150637149810791,3.66680908203125
data\BraTS2021_slice\test\Ungood\img\00630_84.png,1,0.009370039217174053,0.009370039217174053,0.34064942598342896,3.840294122695923
data\BraTS2021_slice\test\Ungood\img\00630_92.png,1,0.007003900595009327,0.007003900595009327,0.32428231835365295,3.639037609100342
data\BraTS2021_slice\test\Ungood\img\00638_60.png,1,0.009395450353622437,0.009395450353622437,0.31510546803474426,3.8833935260772705
data\BraTS2021_slice\test\Ungood\img\00638_68.png,1,0.008673007600009441,0.008673007600009441,0.2050214260816574,2.2762680053710938
data\BraTS2021_slice\test\Ungood\img\00638_76.png,1,0.007743530906736851,0.007743530906736851,0.1831601858139038,2.1002357006073
data\BraTS2021_slice\test\Ungood\img\00638_84.png,1,0.007520957849919796,0.007520957849919796,0.16478456556797028,1.9654661417007446
data\BraTS2021_slice\test\Ungood\img\00638_92.png,1,0.006171496585011482,0.006171496585011482,0.16599944233894348,1.9833295345306396
data\BraTS2021_slice\test\Ungood\img\00640_60.png,1,0.007963626645505428,0.007963626645505428,0.2715842127799988,3.324770927429199
data\BraTS2021_slice\test\Ungood\img\00640_68.png,1,0.007196974009275436,0.007196974009275436,0.22573332488536835,2.8238940238952637
data\BraTS2021_slice\test\Ungood\img\00640_76.png,1,0.006663742009550333,0.006663742009550333,0.23348601162433624,2.9966800212860107
data\BraTS2021_slice\test\Ungood\img\00640_84.png,1,0.0057567511685192585,0.0057567511685192585,0.24383749067783356,3.019697427749634
data\BraTS2021_slice\test\Ungood\img\00640_92.png,1,0.007720404304563999,0.007720404304563999,0.22231779992580414,2.48514986038208
data\BraTS2021_slice\test\Ungood\img\00655_60.png,1,0.0071679288521409035,0.0071679288521409035,0.365373820066452,4.017768383026123
data\BraTS2021_slice\test\Ungood\img\00655_68.png,1,0.007283415179699659,0.007283415179699659,0.3478572964668274,3.8150317668914795
data\BraTS2021_slice\test\Ungood\img\00655_76.png,1,0.006366408430039883,0.006366408430039883,0.32355520129203796,3.6160998344421387
data\BraTS2021_slice\test\Ungood\img\00655_84.png,1,0.007046323269605637,0.007046323269605637,0.284027636051178,3.2146244049072266
data\BraTS2021_slice\test\Ungood\img\00655_92.png,1,0.007564420811831951,0.007564420811831951,0.2544936239719391,3.157327651977539
data\BraTS2021_slice\test\Ungood\img\00657_60.png,1,0.007209386210888624,0.007209386210888624,0.24059364199638367,2.6314103603363037
data\BraTS2021_slice\test\Ungood\img\00657_68.png,1,0.0082431361079216,0.0082431361079216,0.28789210319519043,3.374065637588501
data\BraTS2021_slice\test\Ungood\img\00657_76.png,1,0.007929873652756214,0.007929873652756214,0.2791784107685089,3.311007499694824
data\BraTS2021_slice\test\Ungood\img\00657_84.png,1,0.007437278516590595,0.007437278516590595,0.2559441328048706,2.8055479526519775
data\BraTS2021_slice\test\Ungood\img\00657_92.png,1,0.008960327133536339,0.008960327133536339,0.2703402042388916,2.9394125938415527
data\BraTS2021_slice\test\Ungood\img\00661_60.png,1,0.005348853301256895,0.005348853301256895,0.26136860251426697,2.9141931533813477
data\BraTS2021_slice\test\Ungood\img\00661_68.png,1,0.007417215500026941,0.007417215500026941,0.24056203663349152,2.655285120010376
data\BraTS2021_slice\test\Ungood\img\00661_76.png,1,0.009229032322764397,0.009229032322764397,0.25673404335975647,2.783015251159668
data\BraTS2021_slice\test\Ungood\img\00661_84.png,1,0.010349374264478683,0.010349374264478683,0.28766322135925293,3.246683120727539
data\BraTS2021_slice\test\Ungood\img\00661_92.png,1,0.008621309883892536,0.008621309883892536,0.24280770123004913,2.569422721862793
data\BraTS2021_slice\test\Ungood\img\00663_60.png,1,0.010534887202084064,0.010534887202084064,0.3346022665500641,3.8485474586486816
data\BraTS2021_slice\test\Ungood\img\00663_68.png,1,0.008089863695204258,0.008089863695204258,0.32210662961006165,3.300410032272339
data\BraTS2021_slice\test\Ungood\img\00663_76.png,1,0.009235488250851631,0.009235488250851631,0.3698284327983856,3.9345951080322266
data\BraTS2021_slice\test\Ungood\img\00663_84.png,1,0.01070049125701189,0.01070049125701189,0.404622346162796,3.927351713180542
data\BraTS2021_slice\test\Ungood\img\00663_92.png,1,0.010636240243911743,0.010636240243911743,0.3792009949684143,3.736937999725342
data\BraTS2021_slice\test\Ungood\img\00667_60.png,1,0.008916983380913734,0.008916983380913734,0.24776946008205414,3.01611065864563
data\BraTS2021_slice\test\Ungood\img\00667_68.png,1,0.007445288356393576,0.007445288356393576,0.2626485824584961,2.957288980484009
data\BraTS2021_slice\test\Ungood\img\00667_76.png,1,0.007134589366614819,0.007134589366614819,0.2527241110801697,2.9362480640411377
data\BraTS2021_slice\test\Ungood\img\00667_84.png,1,0.0076193781569600105,0.0076193781569600105,0.24523061513900757,2.890948534011841
data\BraTS2021_slice\test\Ungood\img\00667_92.png,1,0.007720404304563999,0.007720404304563999,0.26584455370903015,2.939387083053589
data\BraTS2021_slice\test\Ungood\img\00668_60.png,1,0.00856582261621952,0.00856582261621952,0.2486073076725006,3.0445191860198975
data\BraTS2021_slice\test\Ungood\img\00668_68.png,1,0.00829359795898199,0.00829359795898199,0.24610406160354614,2.7774312496185303
data\BraTS2021_slice\test\Ungood\img\00668_76.png,1,0.007105289027094841,0.007105289027094841,0.21070760488510132,2.291714906692505
data\BraTS2021_slice\test\Ungood\img\00668_84.png,1,0.007312001660466194,0.007312001660466194,0.19476372003555298,1.9223809242248535
data\BraTS2021_slice\test\Ungood\img\00668_92.png,1,0.008983578532934189,0.008983578532934189,0.17496387660503387,1.6753350496292114
data\BraTS2021_slice\test\Ungood\img\00677_60.png,1,0.007126230280846357,0.007126230280846357,0.2663080394268036,3.1143312454223633
data\BraTS2021_slice\test\Ungood\img\00677_68.png,1,0.006600833032280207,0.006600833032280207,0.25276249647140503,3.0645604133605957
data\BraTS2021_slice\test\Ungood\img\00677_76.png,1,0.006600833032280207,0.006600833032280207,0.2700234055519104,3.3980977535247803
data\BraTS2021_slice\test\Ungood\img\00677_84.png,1,0.008137613534927368,0.008137613534927368,0.2831783592700958,3.424727439880371
data\BraTS2021_slice\test\Ungood\img\00677_92.png,1,0.008038124069571495,0.008038124069571495,0.2499265968799591,2.8323826789855957
data\BraTS2021_slice\test\Ungood\img\00679_60.png,1,0.009583880193531513,0.009583880193531513,0.3815457224845886,3.2152040004730225
data\BraTS2021_slice\test\Ungood\img\00679_68.png,1,0.0111612593755126,0.0111612593755126,0.3219165802001953,2.983691930770874
data\BraTS2021_slice\test\Ungood\img\00679_76.png,1,0.007743530906736851,0.007743530906736851,0.3108081817626953,2.7871267795562744
data\BraTS2021_slice\test\Ungood\img\00679_84.png,1,0.007591949310153723,0.007591949310153723,0.28694891929626465,2.7139651775360107
data\BraTS2021_slice\test\Ungood\img\00679_92.png,1,0.010625027120113373,0.010625027120113373,0.28805163502693176,2.8767387866973877
data\BraTS2021_slice\test\Ungood\img\00680_60.png,1,0.008275611326098442,0.008275611326098442,0.29016736149787903,3.5277481079101562
data\BraTS2021_slice\test\Ungood\img\00680_68.png,1,0.008843149989843369,0.008843149989843369,0.32665345072746277,3.3933792114257812
data\BraTS2021_slice\test\Ungood\img\00680_76.png,1,0.0069311861880123615,0.0069311861880123615,0.351115882396698,3.8371055126190186
data\BraTS2021_slice\test\Ungood\img\00680_84.png,1,0.007835354655981064,0.007835354655981064,0.3508622348308563,4.099728107452393
data\BraTS2021_slice\test\Ungood\img\00680_92.png,1,0.008137613534927368,0.008137613534927368,0.31264936923980713,3.6263504028320312
data\BraTS2021_slice\test\Ungood\img\00683_60.png,1,0.007209386210888624,0.007209386210888624,0.26218104362487793,2.6876749992370605
data\BraTS2021_slice\test\Ungood\img\00683_68.png,1,0.00883977860212326,0.00883977860212326,0.2820628881454468,2.822633981704712
data\BraTS2021_slice\test\Ungood\img\00683_76.png,1,0.007880865596234798,0.007880865596234798,0.2935580015182495,3.108896255493164
data\BraTS2021_slice\test\Ungood\img\00683_84.png,1,0.007929873652756214,0.007929873652756214,0.30653899908065796,3.4501845836639404
data\BraTS2021_slice\test\Ungood\img\00683_92.png,1,0.007008154410868883,0.007008154410868883,0.250439316034317,2.83027720451355
data\BraTS2021_slice\test\Ungood\img\00685_60.png,1,0.007918591611087322,0.007918591611087322,0.3107709586620331,3.5727274417877197
data\BraTS2021_slice\test\Ungood\img\00685_68.png,1,0.008544921875,0.008544921875,0.3670775592327118,4.121054649353027
data\BraTS2021_slice\test\Ungood\img\00685_76.png,1,0.008250364102423191,0.008250364102423191,0.36957746744155884,4.27060079574585
data\BraTS2021_slice\test\Ungood\img\00685_84.png,1,0.009505821391940117,0.009505821391940117,0.42657503485679626,4.668135643005371
data\BraTS2021_slice\test\Ungood\img\00685_92.png,1,0.0078125,0.0078125,0.3685007095336914,4.2747673988342285
data\BraTS2021_slice\test\Ungood\img\00686_60.png,1,0.011190592311322689,0.011190592311322689,0.2897348999977112,3.0797629356384277
data\BraTS2021_slice\test\Ungood\img\00686_68.png,1,0.009605622850358486,0.009605622850358486,0.26016464829444885,2.4188008308410645
data\BraTS2021_slice\test\Ungood\img\00686_76.png,1,0.012182592414319515,0.012182592414319515,0.29397687315940857,2.5333011150360107
data\BraTS2021_slice\test\Ungood\img\00686_84.png,1,0.010678187012672424,0.010678187012672424,0.2850978374481201,2.7550976276397705
data\BraTS2021_slice\test\Ungood\img\00686_92.png,1,0.008679877035319805,0.008679877035319805,0.2492203712463379,2.729766845703125
data\BraTS2021_slice\test\Ungood\img\00689_60.png,1,0.005899924784898758,0.005899924784898758,0.22066962718963623,2.514305353164673
data\BraTS2021_slice\test\Ungood\img\00689_68.png,1,0.0062100086361169815,0.0062100086361169815,0.22479663789272308,2.633110523223877
data\BraTS2021_slice\test\Ungood\img\00689_76.png,1,0.006999643985182047,0.006999643985182047,0.2424524575471878,2.840212345123291
data\BraTS2021_slice\test\Ungood\img\00689_84.png,1,0.007429259829223156,0.007429259829223156,0.22396917641162872,2.5283942222595215
data\BraTS2021_slice\test\Ungood\img\00689_92.png,1,0.006913966033607721,0.006913966033607721,0.23051133751869202,2.5870301723480225
data\BraTS2021_slice\test\Ungood\img\00691_60.png,1,0.0078010475262999535,0.0078010475262999535,0.2790350019931793,2.620330572128296
data\BraTS2021_slice\test\Ungood\img\00691_68.png,1,0.011126493103802204,0.011126493103802204,0.28238463401794434,3.355363130569458
data\BraTS2021_slice\test\Ungood\img\00691_76.png,1,0.010546197183430195,0.010546197183430195,0.23339328169822693,2.9205081462860107
data\BraTS2021_slice\test\Ungood\img\00691_84.png,1,0.011575458571314812,0.011575458571314812,0.2366430163383484,3.1566264629364014
data\BraTS2021_slice\test\Ungood\img\00691_92.png,1,0.012937149964272976,0.012937149964272976,0.2393636554479599,3.2777910232543945
data\BraTS2021_slice\test\Ungood\img\00693_60.png,1,0.009524613618850708,0.009524613618850708,0.33147361874580383,3.4181008338928223
data\BraTS2021_slice\test\Ungood\img\00693_68.png,1,0.008530959486961365,0.008530959486961365,0.26060402393341064,2.681657314300537
data\BraTS2021_slice\test\Ungood\img\00693_76.png,1,0.008734640665352345,0.008734640665352345,0.23450499773025513,2.49462890625
data\BraTS2021_slice\test\Ungood\img\00693_84.png,1,0.008870068937540054,0.008870068937540054,0.23607975244522095,2.3921825885772705
data\BraTS2021_slice\test\Ungood\img\00693_92.png,1,0.007008154410868883,0.007008154410868883,0.22960276901721954,2.4662396907806396
data\BraTS2021_slice\test\Ungood\img\00697_60.png,1,0.010166339576244354,0.010166339576244354,0.3625738322734833,3.8009912967681885
data\BraTS2021_slice\test\Ungood\img\00697_68.png,1,0.009270916692912579,0.009270916692912579,0.3215646743774414,3.882797956466675
data\BraTS2021_slice\test\Ungood\img\00697_76.png,1,0.008322294801473618,0.008322294801473618,0.30826252698898315,3.428248405456543
data\BraTS2021_slice\test\Ungood\img\00697_84.png,1,0.0062720864079892635,0.0062720864079892635,0.31764280796051025,3.5107064247131348
data\BraTS2021_slice\test\Ungood\img\00697_92.png,1,0.006991123780608177,0.006991123780608177,0.2552264928817749,2.957524299621582
data\BraTS2021_slice\test\Ungood\img\00698_60.png,1,0.009865819476544857,0.009865819476544857,0.3050326108932495,3.468655824661255
data\BraTS2021_slice\test\Ungood\img\00698_68.png,1,0.010667017661035061,0.010667017661035061,0.34494224190711975,3.838212251663208
data\BraTS2021_slice\test\Ungood\img\00698_76.png,1,0.011536775156855583,0.011536775156855583,0.3589555621147156,3.56689453125
data\BraTS2021_slice\test\Ungood\img\00698_84.png,1,0.009762573055922985,0.009762573055922985,0.3251889944076538,3.0225114822387695
data\BraTS2021_slice\test\Ungood\img\00698_92.png,1,0.009254829958081245,0.009254829958081245,0.26868605613708496,2.668433666229248
data\BraTS2021_slice\test\Ungood\img\00703_60.png,1,0.007225902751088142,0.007225902751088142,0.2869032025337219,3.556697368621826
data\BraTS2021_slice\test\Ungood\img\00703_68.png,1,0.008741461671888828,0.008741461671888828,0.3546569049358368,4.556412696838379
data\BraTS2021_slice\test\Ungood\img\00703_76.png,1,0.007501118816435337,0.007501118816435337,0.3933810293674469,4.741692066192627
data\BraTS2021_slice\test\Ungood\img\00703_84.png,1,0.00827200897037983,0.00827200897037983,0.40720653533935547,4.812130451202393
data\BraTS2021_slice\test\Ungood\img\00703_92.png,1,0.007528878748416901,0.007528878748416901,0.30985474586486816,3.843535900115967
data\BraTS2021_slice\test\Ungood\img\00706_60.png,1,0.010825097560882568,0.010825097560882568,0.37898486852645874,4.099118709564209
data\BraTS2021_slice\test\Ungood\img\00706_68.png,1,0.010678187012672424,0.010678187012672424,0.3635222315788269,4.003011226654053
data\BraTS2021_slice\test\Ungood\img\00706_76.png,1,0.011185265146195889,0.011185265146195889,0.38276422023773193,4.281591415405273
data\BraTS2021_slice\test\Ungood\img\00706_84.png,1,0.009917039424180984,0.009917039424180984,0.34643077850341797,3.8889994621276855
data\BraTS2021_slice\test\Ungood\img\00706_92.png,1,0.0089902114123106,0.0089902114123106,0.24067403376102448,2.916461229324341
data\BraTS2021_slice\test\Ungood\img\00707_60.png,1,0.011155917309224606,0.011155917309224606,0.30903321504592896,3.491227865219116
data\BraTS2021_slice\test\Ungood\img\00707_68.png,1,0.010874539613723755,0.010874539613723755,0.35499608516693115,3.8534717559814453
data\BraTS2021_slice\test\Ungood\img\00707_76.png,1,0.010537715628743172,0.010537715628743172,0.3608992397785187,3.6793441772460938
data\BraTS2021_slice\test\Ungood\img\00707_84.png,1,0.009673639200627804,0.009673639200627804,0.3311361074447632,3.4033327102661133
data\BraTS2021_slice\test\Ungood\img\00707_92.png,1,0.009203162975609303,0.009203162975609303,0.3320610523223877,3.3580410480499268
data\BraTS2021_slice\test\Ungood\img\00709_60.png,1,0.012742175720632076,0.012742175720632076,0.35720735788345337,4.21728515625
data\BraTS2021_slice\test\Ungood\img\00709_68.png,1,0.013862372376024723,0.013862372376024723,0.3439704179763794,4.254640102386475
data\BraTS2021_slice\test\Ungood\img\00709_76.png,1,0.013314060866832733,0.013314060866832733,0.36209073662757874,4.2718305587768555
data\BraTS2021_slice\test\Ungood\img\00709_84.png,1,0.014876560308039188,0.014876560308039188,0.3585455119609833,4.41090202331543
data\BraTS2021_slice\test\Ungood\img\00709_92.png,1,0.015320675447583199,0.015320675447583199,0.3018094301223755,4.1096320152282715
data\BraTS2021_slice\test\Ungood\img\00714_60.png,1,0.008217789232730865,0.008217789232730865,0.3038804829120636,3.2382216453552246
data\BraTS2021_slice\test\Ungood\img\00714_68.png,1,0.010323424823582172,0.010323424823582172,0.29877951741218567,3.3281984329223633
data\BraTS2021_slice\test\Ungood\img\00714_76.png,1,0.00779340323060751,0.00779340323060751,0.29684653878211975,3.361325740814209
data\BraTS2021_slice\test\Ungood\img\00714_84.png,1,0.007835354655981064,0.007835354655981064,0.2940981984138489,3.291335105895996
data\BraTS2021_slice\test\Ungood\img\00714_92.png,1,0.00891364086419344,0.00891364086419344,0.31831949949264526,3.484861373901367
data\BraTS2021_slice\test\Ungood\img\00716_60.png,1,0.005725604947656393,0.005725604947656393,0.24961227178573608,2.925774574279785
data\BraTS2021_slice\test\Ungood\img\00716_68.png,1,0.007058999966830015,0.007058999966830015,0.265693724155426,3.349775552749634
data\BraTS2021_slice\test\Ungood\img\00716_76.png,1,0.008471363224089146,0.008471363224089146,0.2739161252975464,3.661318778991699
data\BraTS2021_slice\test\Ungood\img\00716_84.png,1,0.00828281044960022,0.00828281044960022,0.2775936722755432,3.5742099285125732
data\BraTS2021_slice\test\Ungood\img\00716_92.png,1,0.006918275263160467,0.006918275263160467,0.31698137521743774,3.738492965698242
data\BraTS2021_slice\test\Ungood\img\00718_60.png,1,0.0075722960755229,0.0075722960755229,0.24615536630153656,2.6977932453155518
data\BraTS2021_slice\test\Ungood\img\00718_68.png,1,0.009667475707828999,0.009667475707828999,0.28561124205589294,2.972219467163086
data\BraTS2021_slice\test\Ungood\img\00718_76.png,1,0.0098809115588665,0.0098809115588665,0.30143001675605774,3.337888240814209
data\BraTS2021_slice\test\Ungood\img\00718_84.png,1,0.012622330337762833,0.012622330337762833,0.32411348819732666,3.3448832035064697
data\BraTS2021_slice\test\Ungood\img\00718_92.png,1,0.010000829584896564,0.010000829584896564,0.3174484670162201,3.5299720764160156
data\BraTS2021_slice\test\Ungood\img\00724_60.png,1,0.0056311339139938354,0.0056311339139938354,0.22278563678264618,2.472231149673462
data\BraTS2021_slice\test\Ungood\img\00724_68.png,1,0.006286324933171272,0.006286324933171272,0.24213622510433197,2.7337677478790283
data\BraTS2021_slice\test\Ungood\img\00724_76.png,1,0.007974845357239246,0.007974845357239246,0.23562775552272797,2.6263513565063477
data\BraTS2021_slice\test\Ungood\img\00724_84.png,1,0.009664392098784447,0.009664392098784447,0.3244076073169708,3.553929328918457
data\BraTS2021_slice\test\Ungood\img\00724_92.png,1,0.010461077094078064,0.010461077094078064,0.263135701417923,2.9750888347625732
data\BraTS2021_slice\test\Ungood\img\00725_60.png,1,0.00592009536921978,0.00592009536921978,0.26618725061416626,3.2331044673919678
data\BraTS2021_slice\test\Ungood\img\00725_68.png,1,0.006010026205331087,0.006010026205331087,0.2705479562282562,3.2933220863342285
data\BraTS2021_slice\test\Ungood\img\00725_76.png,1,0.006309984251856804,0.006309984251856804,0.25078874826431274,3.1121609210968018
data\BraTS2021_slice\test\Ungood\img\00725_84.png,1,0.006132742390036583,0.006132742390036583,0.2680054306983948,3.350080728530884
data\BraTS2021_slice\test\Ungood\img\00725_92.png,1,0.006892379838973284,0.006892379838973284,0.2280079424381256,2.7048771381378174
data\BraTS2021_slice\test\Ungood\img\00727_60.png,1,0.006814104504883289,0.006814104504883289,0.2824144661426544,3.2100675106048584
data\BraTS2021_slice\test\Ungood\img\00727_68.png,1,0.006371087860316038,0.006371087860316038,0.26544389128685,3.0273845195770264
data\BraTS2021_slice\test\Ungood\img\00727_76.png,1,0.006537318229675293,0.006537318229675293,0.25092315673828125,2.8337361812591553
data\BraTS2021_slice\test\Ungood\img\00727_84.png,1,0.007673942018300295,0.007673942018300295,0.24766728281974792,2.83748722076416
data\BraTS2021_slice\test\Ungood\img\00727_92.png,1,0.006205207668244839,0.006205207668244839,0.2686612010002136,3.171903610229492
data\BraTS2021_slice\test\Ungood\img\00733_60.png,1,0.008030705153942108,0.008030705153942108,0.34416964650154114,4.21831750869751
data\BraTS2021_slice\test\Ungood\img\00733_68.png,1,0.009944048710167408,0.009944048710167408,0.3596058785915375,4.109588623046875
data\BraTS2021_slice\test\Ungood\img\00733_76.png,1,0.010418255813419819,0.010418255813419819,0.4012709856033325,4.37365198135376
data\BraTS2021_slice\test\Ungood\img\00733_84.png,1,0.009865819476544857,0.009865819476544857,0.4111965000629425,4.520565509796143
data\BraTS2021_slice\test\Ungood\img\00733_92.png,1,0.009621122851967812,0.009621122851967812,0.38099393248558044,4.38997745513916
data\BraTS2021_slice\test\Ungood\img\00734_60.png,1,0.00699538504704833,0.00699538504704833,0.28010329604148865,3.0329301357269287
data\BraTS2021_slice\test\Ungood\img\00734_68.png,1,0.006152149755507708,0.006152149755507708,0.2767832279205322,3.287489891052246
data\BraTS2021_slice\test\Ungood\img\00734_76.png,1,0.006726063322275877,0.006726063322275877,0.2719480097293854,3.1229567527770996
data\BraTS2021_slice\test\Ungood\img\00734_84.png,1,0.006831576582044363,0.006831576582044363,0.2510702908039093,2.8582675457000732
data\BraTS2021_slice\test\Ungood\img\00734_92.png,1,0.0078086843714118,0.0078086843714118,0.2270294427871704,2.5389626026153564
data\BraTS2021_slice\test\Ungood\img\00739_60.png,1,0.009212872013449669,0.009212872013449669,0.26810023188591003,2.9525234699249268
data\BraTS2021_slice\test\Ungood\img\00739_68.png,1,0.007781922351568937,0.007781922351568937,0.2628493905067444,2.6377511024475098
data\BraTS2021_slice\test\Ungood\img\00739_76.png,1,0.00826119352132082,0.00826119352132082,0.30761852860450745,3.1416776180267334
data\BraTS2021_slice\test\Ungood\img\00739_84.png,1,0.010540543124079704,0.010540543124079704,0.3234490156173706,3.2532098293304443
data\BraTS2021_slice\test\Ungood\img\00739_92.png,1,0.009496411308646202,0.009496411308646202,0.32915663719177246,3.4528708457946777
data\BraTS2021_slice\test\Ungood\img\00740_60.png,1,0.00682284589856863,0.00682284589856863,0.23664703965187073,2.8560140132904053
data\BraTS2021_slice\test\Ungood\img\00740_68.png,1,0.008264800533652306,0.008264800533652306,0.2459745556116104,2.6909501552581787
data\BraTS2021_slice\test\Ungood\img\00740_76.png,1,0.010830601677298546,0.010830601677298546,0.2903647720813751,3.172044515609741
data\BraTS2021_slice\test\Ungood\img\00740_84.png,1,0.010509395971894264,0.010509395971894264,0.2978188693523407,3.3273439407348633
data\BraTS2021_slice\test\Ungood\img\00740_92.png,1,0.010343613103032112,0.010343613103032112,0.3093729317188263,3.274890184402466
data\BraTS2021_slice\test\Ungood\img\00742_60.png,1,0.008686741814017296,0.008686741814017296,0.2916758358478546,3.2711517810821533
data\BraTS2021_slice\test\Ungood\img\00742_68.png,1,0.008214161731302738,0.008214161731302738,0.26031947135925293,3.030993700027466
data\BraTS2021_slice\test\Ungood\img\00742_76.png,1,0.00830078125,0.00830078125,0.3086952567100525,3.5232653617858887
data\BraTS2021_slice\test\Ungood\img\00742_84.png,1,0.008343753404915333,0.008343753404915333,0.3098013699054718,3.3388733863830566
data\BraTS2021_slice\test\Ungood\img\00742_92.png,1,0.009648961015045643,0.009648961015045643,0.286930650472641,2.8531582355499268
data\BraTS2021_slice\test\Ungood\img\00757_60.png,1,0.009251609444618225,0.009251609444618225,0.2764994204044342,2.781388521194458
data\BraTS2021_slice\test\Ungood\img\00757_68.png,1,0.007704948075115681,0.007704948075115681,0.2293524444103241,2.4867777824401855
data\BraTS2021_slice\test\Ungood\img\00757_76.png,1,0.0068359375,0.0068359375,0.22017745673656464,2.3912932872772217
data\BraTS2021_slice\test\Ungood\img\00757_84.png,1,0.00776275061070919,0.00776275061070919,0.2576368749141693,2.82102370262146
data\BraTS2021_slice\test\Ungood\img\00757_92.png,1,0.006319423206150532,0.006319423206150532,0.29897627234458923,3.3782172203063965
data\BraTS2021_slice\test\Ungood\img\00759_60.png,1,0.012584496289491653,0.012584496289491653,0.2618982195854187,3.32612681388855
data\BraTS2021_slice\test\Ungood\img\00759_68.png,1,0.009835564531385899,0.009835564531385899,0.267419695854187,3.100125551223755
data\BraTS2021_slice\test\Ungood\img\00759_76.png,1,0.010198534466326237,0.010198534466326237,0.2864663302898407,3.1132800579071045
data\BraTS2021_slice\test\Ungood\img\00759_84.png,1,0.00969518069177866,0.00969518069177866,0.27279141545295715,2.9800777435302734
data\BraTS2021_slice\test\Ungood\img\00759_92.png,1,0.00699538504704833,0.00699538504704833,0.2366608828306198,2.75665283203125
data\BraTS2021_slice\test\Ungood\img\00760_60.png,1,0.007393068168312311,0.007393068168312311,0.32796505093574524,3.7743349075317383
data\BraTS2021_slice\test\Ungood\img\00760_68.png,1,0.008727814070880413,0.008727814070880413,0.3233056962490082,3.617426872253418
data\BraTS2021_slice\test\Ungood\img\00760_76.png,1,0.00757623091340065,0.00757623091340065,0.29799044132232666,3.3399407863616943
data\BraTS2021_slice\test\Ungood\img\00760_84.png,1,0.010540543124079704,0.010540543124079704,0.32118314504623413,3.64192795753479
data\BraTS2021_slice\test\Ungood\img\00760_92.png,1,0.009621122851967812,0.009621122851967812,0.27374711632728577,3.2253763675689697
data\BraTS2021_slice\test\Ungood\img\00764_60.png,1,0.009926050901412964,0.009926050901412964,0.27461814880371094,3.4392964839935303
data\BraTS2021_slice\test\Ungood\img\00764_68.png,1,0.007536791730672121,0.007536791730672121,0.2616237699985504,3.0379741191864014
data\BraTS2021_slice\test\Ungood\img\00764_76.png,1,0.008336607366800308,0.008336607366800308,0.29201704263687134,3.378720283508301
data\BraTS2021_slice\test\Ungood\img\00764_84.png,1,0.006800970993936062,0.006800970993936062,0.3003532886505127,3.4734227657318115
data\BraTS2021_slice\test\Ungood\img\00764_92.png,1,0.008970299735665321,0.008970299735665321,0.30417999625205994,3.2500157356262207
data\BraTS2021_slice\test\Ungood\img\00765_60.png,1,0.0068967025727033615,0.0068967025727033615,0.21969649195671082,2.3166050910949707
data\BraTS2021_slice\test\Ungood\img\00765_68.png,1,0.007299764081835747,0.007299764081835747,0.22875377535820007,2.5532617568969727
data\BraTS2021_slice\test\Ungood\img\00765_76.png,1,0.007401125971227884,0.007401125971227884,0.20248602330684662,2.270888090133667
data\BraTS2021_slice\test\Ungood\img\00765_84.png,1,0.006537318229675293,0.006537318229675293,0.23336069285869598,2.7411913871765137
data\BraTS2021_slice\test\Ungood\img\00765_92.png,1,0.006870726123452187,0.006870726123452187,0.2632444500923157,2.930270195007324
data\BraTS2021_slice\test\Ungood\img\00773_60.png,1,0.006712757516652346,0.006712757516652346,0.3656861484050751,4.265537738800049
data\BraTS2021_slice\test\Ungood\img\00773_68.png,1,0.006537318229675293,0.006537318229675293,0.2721974849700928,3.402777910232544
data\BraTS2021_slice\test\Ungood\img\00773_76.png,1,0.005404283292591572,0.005404283292591572,0.23829199373722076,2.92095947265625
data\BraTS2021_slice\test\Ungood\img\00773_84.png,1,0.007307924795895815,0.007307924795895815,0.22045455873012543,2.486402750015259
data\BraTS2021_slice\test\Ungood\img\00773_92.png,1,0.006413049530237913,0.006413049530237913,0.22116625308990479,2.69408917427063
data\BraTS2021_slice\test\Ungood\img\00774_60.png,1,0.008849887177348137,0.008849887177348137,0.261030912399292,3.134446859359741
data\BraTS2021_slice\test\Ungood\img\00774_68.png,1,0.010803050361573696,0.010803050361573696,0.27525249123573303,3.1898093223571777
data\BraTS2021_slice\test\Ungood\img\00774_76.png,1,0.011018832214176655,0.011018832214176655,0.3064188063144684,3.220625162124634
data\BraTS2021_slice\test\Ungood\img\00774_84.png,1,0.012721109203994274,0.012721109203994274,0.3193601667881012,3.33852481842041
data\BraTS2021_slice\test\Ungood\img\00774_92.png,1,0.013883854262530804,0.013883854262530804,0.24169155955314636,3.044276714324951
data\BraTS2021_slice\test\Ungood\img\00781_60.png,1,0.00963969063013792,0.00963969063013792,0.1840316653251648,1.8829854726791382
data\BraTS2021_slice\test\Ungood\img\00781_68.png,1,0.009817367419600487,0.009817367419600487,0.16684569418430328,1.6757161617279053
data\BraTS2021_slice\test\Ungood\img\00781_76.png,1,0.009219340048730373,0.009219340048730373,0.1631002128124237,1.826144814491272
data\BraTS2021_slice\test\Ungood\img\00781_84.png,1,0.008683309890329838,0.008683309890329838,0.15717646479606628,1.707653522491455
data\BraTS2021_slice\test\Ungood\img\00781_92.png,1,0.007926114834845066,0.007926114834845066,0.14034409821033478,1.5200821161270142
data\BraTS2021_slice\test\Ungood\img\00787_60.png,1,0.03253580257296562,0.03253580257296562,0.5490021109580994,7.369211196899414
data\BraTS2021_slice\test\Ungood\img\00787_68.png,1,0.03376827761530876,0.03376827761530876,0.6230255365371704,8.415047645568848
data\BraTS2021_slice\test\Ungood\img\00787_76.png,1,0.03175799548625946,0.03175799548625946,0.5960378646850586,7.905996322631836
data\BraTS2021_slice\test\Ungood\img\00787_84.png,1,0.02004036121070385,0.02004036121070385,0.4484978914260864,6.056869983673096
data\BraTS2021_slice\test\Ungood\img\00787_92.png,1,0.015297315083444118,0.015297315083444118,0.34332484006881714,4.650768280029297
data\BraTS2021_slice\test\Ungood\img\00789_60.png,1,0.010890970937907696,0.010890970937907696,0.2601211667060852,3.3170366287231445
data\BraTS2021_slice\test\Ungood\img\00789_68.png,1,0.014065127819776535,0.014065127819776535,0.2575705647468567,3.419363498687744
data\BraTS2021_slice\test\Ungood\img\00789_76.png,1,0.013549255207180977,0.013549255207180977,0.2392473667860031,3.2165284156799316
data\BraTS2021_slice\test\Ungood\img\00789_84.png,1,0.016685720533132553,0.016685720533132553,0.33959460258483887,4.007767677307129
data\BraTS2021_slice\test\Ungood\img\00789_92.png,1,0.01712990552186966,0.01712990552186966,0.37229424715042114,4.619551658630371
data\BraTS2021_slice\test\Ungood\img\00791_60.png,1,0.01123312208801508,0.01123312208801508,0.14464177191257477,1.6178615093231201
data\BraTS2021_slice\test\Ungood\img\00791_68.png,1,0.01465250551700592,0.01465250551700592,0.19508834183216095,2.393657922744751
data\BraTS2021_slice\test\Ungood\img\00791_76.png,1,0.012565536424517632,0.012565536424517632,0.22178703546524048,2.49322509765625
data\BraTS2021_slice\test\Ungood\img\00791_84.png,1,0.010585685260593891,0.010585685260593891,0.2543618083000183,2.7169294357299805
data\BraTS2021_slice\test\Ungood\img\00791_92.png,1,0.011578032746911049,0.011578032746911049,0.16887040436267853,1.9973464012145996
data\BraTS2021_slice\test\Ungood\img\00792_60.png,1,0.007963626645505428,0.007963626645505428,0.17666466534137726,1.997550129890442
data\BraTS2021_slice\test\Ungood\img\00792_68.png,1,0.008130285888910294,0.008130285888910294,0.1327650547027588,1.5379612445831299
data\BraTS2021_slice\test\Ungood\img\00792_76.png,1,0.008275611326098442,0.008275611326098442,0.11364960670471191,1.1543091535568237
data\BraTS2021_slice\test\Ungood\img\00792_84.png,1,0.008217789232730865,0.008217789232730865,0.1188679113984108,1.314491629600525
data\BraTS2021_slice\test\Ungood\img\00792_92.png,1,0.007147110067307949,0.007147110067307949,0.09894998371601105,1.0911486148834229
data\BraTS2021_slice\test\Ungood\img\00797_60.png,1,0.014418772421777248,0.014418772421777248,0.27703309059143066,3.3658034801483154
data\BraTS2021_slice\test\Ungood\img\00797_68.png,1,0.017591683194041252,0.017591683194041252,0.28691694140434265,3.52561354637146
data\BraTS2021_slice\test\Ungood\img\00797_76.png,1,0.016164986416697502,0.016164986416697502,0.3064276874065399,3.6665396690368652
data\BraTS2021_slice\test\Ungood\img\00797_84.png,1,0.016260571777820587,0.016260571777820587,0.3044607639312744,3.176966428756714
data\BraTS2021_slice\test\Ungood\img\00797_92.png,1,0.013028969056904316,0.013028969056904316,0.2658000588417053,2.9398021697998047
data\BraTS2021_slice\test\Ungood\img\00801_60.png,1,0.010808566585183144,0.010808566585183144,0.2013939768075943,2.26802921295166
data\BraTS2021_slice\test\Ungood\img\00801_68.png,1,0.009953035973012447,0.009953035973012447,0.17386451363563538,1.9512050151824951
data\BraTS2021_slice\test\Ungood\img\00801_76.png,1,0.011536775156855583,0.011536775156855583,0.1529039591550827,1.881008505821228
data\BraTS2021_slice\test\Ungood\img\00801_84.png,1,0.008802615106105804,0.008802615106105804,0.13166013360023499,1.7164132595062256
data\BraTS2021_slice\test\Ungood\img\00801_92.png,1,0.008004685863852501,0.008004685863852501,0.13922981917858124,1.8164772987365723
data\BraTS2021_slice\test\Ungood\img\00804_60.png,1,0.01667500101029873,0.01667500101029873,0.33879420161247253,3.4239795207977295
data\BraTS2021_slice\test\Ungood\img\00804_68.png,1,0.014130660332739353,0.014130660332739353,0.298505574464798,3.063115119934082
data\BraTS2021_slice\test\Ungood\img\00804_76.png,1,0.01498434878885746,0.01498434878885746,0.26293885707855225,2.5226871967315674
data\BraTS2021_slice\test\Ungood\img\00804_84.png,1,0.013834396377205849,0.013834396377205849,0.27924466133117676,2.718191623687744
data\BraTS2021_slice\test\Ungood\img\00804_92.png,1,0.013958781957626343,0.013958781957626343,0.34622880816459656,3.628685712814331
data\BraTS2021_slice\test\Ungood\img\00807_60.png,1,0.012330913916230202,0.012330913916230202,0.2544354796409607,2.9016029834747314
data\BraTS2021_slice\test\Ungood\img\00807_68.png,1,0.009911026805639267,0.009911026805639267,0.1645776778459549,1.8045427799224854
data\BraTS2021_slice\test\Ungood\img\00807_76.png,1,0.008372279815375805,0.008372279815375805,0.13349197804927826,1.4920034408569336
data\BraTS2021_slice\test\Ungood\img\00807_84.png,1,0.008731228299438953,0.008731228299438953,0.14014624059200287,1.6736854314804077
data\BraTS2021_slice\test\Ungood\img\00807_92.png,1,0.008297190070152283,0.008297190070152283,0.15285217761993408,1.9003548622131348
data\BraTS2021_slice\test\Ungood\img\00808_60.png,1,0.010478155687451363,0.010478155687451363,0.1685764491558075,1.8750128746032715
data\BraTS2021_slice\test\Ungood\img\00808_68.png,1,0.012067068368196487,0.012067068368196487,0.16121914982795715,1.7559272050857544
data\BraTS2021_slice\test\Ungood\img\00808_76.png,1,0.011062022298574448,0.011062022298574448,0.17448170483112335,1.9655733108520508
data\BraTS2021_slice\test\Ungood\img\00808_84.png,1,0.008268405683338642,0.008268405683338642,0.18425942957401276,2.1022632122039795
data\BraTS2021_slice\test\Ungood\img\00808_92.png,1,0.009602519683539867,0.009602519683539867,0.10157953202724457,1.1741199493408203
data\BraTS2021_slice\test\Ungood\img\00810_60.png,1,0.01351842563599348,0.01351842563599348,0.2710620164871216,3.5514330863952637
data\BraTS2021_slice\test\Ungood\img\00810_68.png,1,0.011624272912740707,0.011624272912740707,0.2235163450241089,3.0228116512298584
data\BraTS2021_slice\test\Ungood\img\00810_76.png,1,0.013179072178900242,0.013179072178900242,0.2630297541618347,3.1870081424713135
data\BraTS2021_slice\test\Ungood\img\00810_84.png,1,0.01478815171867609,0.01478815171867609,0.26321107149124146,3.381181001663208
data\BraTS2021_slice\test\Ungood\img\00810_92.png,1,0.011024240404367447,0.011024240404367447,0.20781053602695465,2.9240007400512695
data\BraTS2021_slice\test\Ungood\img\00814_60.png,1,0.01490058097988367,0.01490058097988367,0.2709181010723114,3.600787401199341
data\BraTS2021_slice\test\Ungood\img\00814_68.png,1,0.013658789917826653,0.013658789917826653,0.2602293789386749,3.4423584938049316
data\BraTS2021_slice\test\Ungood\img\00814_76.png,1,0.016152074560523033,0.016152074560523033,0.2776871621608734,3.4789557456970215
data\BraTS2021_slice\test\Ungood\img\00814_84.png,1,0.017311619594693184,0.017311619594693184,0.3214245140552521,3.9749064445495605
data\BraTS2021_slice\test\Ungood\img\00814_92.png,1,0.013042685575783253,0.013042685575783253,0.2811058759689331,3.9407918453216553
data\BraTS2021_slice\test\Ungood\img\00816_60.png,1,0.01846936345100403,0.01846936345100403,0.2891828119754791,3.4492201805114746
data\BraTS2021_slice\test\Ungood\img\00816_68.png,1,0.016031693667173386,0.016031693667173386,0.24447932839393616,3.061054229736328
data\BraTS2021_slice\test\Ungood\img\00816_76.png,1,0.016344662755727768,0.016344662755727768,0.27051955461502075,3.0650112628936768
data\BraTS2021_slice\test\Ungood\img\00816_84.png,1,0.015406027436256409,0.015406027436256409,0.29032257199287415,3.3892714977264404
data\BraTS2021_slice\test\Ungood\img\00816_92.png,1,0.013795565813779831,0.013795565813779831,0.3103325366973877,3.5958917140960693
data\BraTS2021_slice\test\Ungood\img\00818_60.png,1,0.007959882728755474,0.007959882728755474,0.16301214694976807,1.9669392108917236
data\BraTS2021_slice\test\Ungood\img\00818_68.png,1,0.007720404304563999,0.007720404304563999,0.13563692569732666,1.6592345237731934
data\BraTS2021_slice\test\Ungood\img\00818_76.png,1,0.009299803525209427,0.009299803525209427,0.17797225713729858,1.9388339519500732
data\BraTS2021_slice\test\Ungood\img\00818_84.png,1,0.011422546580433846,0.011422546580433846,0.2557484805583954,2.6330034732818604
data\BraTS2021_slice\test\Ungood\img\00818_92.png,1,0.01168054062873125,0.01168054062873125,0.2379828840494156,2.7287404537200928
data\BraTS2021_slice\test\Ungood\img\00819_60.png,1,0.008481910452246666,0.008481910452246666,0.18438519537448883,2.3495335578918457
data\BraTS2021_slice\test\Ungood\img\00819_68.png,1,0.00864547397941351,0.00864547397941351,0.15875110030174255,1.9055304527282715
data\BraTS2021_slice\test\Ungood\img\00819_76.png,1,0.01059412769973278,0.01059412769973278,0.22522519528865814,2.8057219982147217
data\BraTS2021_slice\test\Ungood\img\00819_84.png,1,0.01074773445725441,0.01074773445725441,0.30281195044517517,3.1716949939727783
data\BraTS2021_slice\test\Ungood\img\00819_92.png,1,0.008697028271853924,0.008697028271853924,0.2217911034822464,2.426440715789795
data\BraTS2021_slice\test\Ungood\img\00820_60.png,1,0.006300531327724457,0.006300531327724457,0.21350544691085815,2.7273190021514893
data\BraTS2021_slice\test\Ungood\img\00820_68.png,1,0.008246750570833683,0.008246750570833683,0.1478792130947113,1.9332218170166016
data\BraTS2021_slice\test\Ungood\img\00820_76.png,1,0.00785814318805933,0.00785814318805933,0.13032786548137665,1.4925402402877808
data\BraTS2021_slice\test\Ungood\img\00820_84.png,1,0.006770226638764143,0.006770226638764143,0.13872817158699036,1.5859538316726685
data\BraTS2021_slice\test\Ungood\img\00820_92.png,1,0.006267332937568426,0.006267332937568426,0.09857772290706635,1.112100601196289
data\BraTS2021_slice\test\Ungood\img\00823_60.png,1,0.009222571738064289,0.009222571738064289,0.17143462598323822,2.0059056282043457
data\BraTS2021_slice\test\Ungood\img\00823_68.png,1,0.007267029490321875,0.007267029490321875,0.16434349119663239,1.7398406267166138
data\BraTS2021_slice\test\Ungood\img\00823_76.png,1,0.008019564673304558,0.008019564673304558,0.19271951913833618,2.039257287979126
data\BraTS2021_slice\test\Ungood\img\00823_84.png,1,0.00781631376594305,0.00781631376594305,0.2277250587940216,2.2300636768341064
data\BraTS2021_slice\test\Ungood\img\00823_92.png,1,0.009458676911890507,0.009458676911890507,0.1705482304096222,2.0494987964630127
data\BraTS2021_slice\test\Ungood\img\00824_60.png,1,0.010446822270751,0.010446822270751,0.25420936942100525,3.1843791007995605
data\BraTS2021_slice\test\Ungood\img\00824_68.png,1,0.013425515033304691,0.013425515033304691,0.24109677970409393,3.402377128601074
data\BraTS2021_slice\test\Ungood\img\00824_76.png,1,0.012347821146249771,0.012347821146249771,0.33383333683013916,4.480932712554932
data\BraTS2021_slice\test\Ungood\img\00824_84.png,1,0.013478685170412064,0.013478685170412064,0.3790357708930969,5.073399543762207
data\BraTS2021_slice\test\Ungood\img\00824_92.png,1,0.0131768099963665,0.0131768099963665,0.3534742593765259,4.674200534820557
data\BraTS2021_slice\test\Ungood\img\00828_60.png,1,0.006039705593138933,0.006039705593138933,0.1752684861421585,1.916780948638916
data\BraTS2021_slice\test\Ungood\img\00828_68.png,1,0.006739342585206032,0.006739342585206032,0.26209789514541626,3.1622190475463867
data\BraTS2021_slice\test\Ungood\img\00828_76.png,1,0.007697208318859339,0.007697208318859339,0.15014126896858215,1.768654465675354
data\BraTS2021_slice\test\Ungood\img\00828_84.png,1,0.009180466644465923,0.009180466644465923,0.16941088438034058,1.940613865852356
data\BraTS2021_slice\test\Ungood\img\00828_92.png,1,0.013253485783934593,0.013253485783934593,0.2332855612039566,2.6720175743103027
data\BraTS2021_slice\test\Ungood\img\00838_60.png,1,0.008717563934624195,0.008717563934624195,0.2749454379081726,2.995177984237671
data\BraTS2021_slice\test\Ungood\img\00838_68.png,1,0.008520472794771194,0.008520472794771194,0.2158680558204651,2.6235945224761963
data\BraTS2021_slice\test\Ungood\img\00838_76.png,1,0.010012742131948471,0.010012742131948471,0.2199598103761673,2.8056676387786865
data\BraTS2021_slice\test\Ungood\img\00838_84.png,1,0.010602563619613647,0.010602563619613647,0.25578516721725464,3.4298760890960693
data\BraTS2021_slice\test\Ungood\img\00838_92.png,1,0.012420017272233963,0.012420017272233963,0.26416730880737305,3.665529489517212
data\BraTS2021_slice\test\Ungood\img\00840_60.png,1,0.006734919268637896,0.006734919268637896,0.25848588347435,2.9419307708740234
data\BraTS2021_slice\test\Ungood\img\00840_68.png,1,0.007151278667151928,0.007151278667151928,0.18130874633789062,2.2016513347625732
data\BraTS2021_slice\test\Ungood\img\00840_76.png,1,0.006103515625,0.006103515625,0.1975843906402588,2.4001283645629883
data\BraTS2021_slice\test\Ungood\img\00840_84.png,1,0.011756835505366325,0.011756835505366325,0.2433585673570633,2.8091509342193604
data\BraTS2021_slice\test\Ungood\img\00840_92.png,1,0.014978380873799324,0.014978380873799324,0.29803743958473206,3.3180627822875977
data\BraTS2021_slice\test\Ungood\img\00999_60.png,1,0.0063757640309631824,0.0063757640309631824,0.1855788677930832,2.171238899230957
data\BraTS2021_slice\test\Ungood\img\00999_68.png,1,0.006403748411685228,0.006403748411685228,0.19096609950065613,2.4200191497802734
data\BraTS2021_slice\test\Ungood\img\00999_76.png,1,0.006668212823569775,0.006668212823569775,0.14352059364318848,1.7773261070251465
data\BraTS2021_slice\test\Ungood\img\00999_84.png,1,0.0075997961685061455,0.0075997961685061455,0.13436275720596313,1.6151201725006104
data\BraTS2021_slice\test\Ungood\img\00999_92.png,1,0.00699538504704833,0.00699538504704833,0.14468909800052643,1.7133992910385132
data\BraTS2021_slice\test\Ungood\img\01003_60.png,1,0.01123312208801508,0.01123312208801508,0.3081597685813904,3.482200860977173
data\BraTS2021_slice\test\Ungood\img\01003_68.png,1,0.011113092303276062,0.011113092303276062,0.2545781433582306,3.407167673110962
data\BraTS2021_slice\test\Ungood\img\01003_76.png,1,0.013199408538639545,0.013199408538639545,0.27359822392463684,3.7568888664245605
data\BraTS2021_slice\test\Ungood\img\01003_84.png,1,0.014918570406734943,0.014918570406734943,0.2948872148990631,4.022548198699951
data\BraTS2021_slice\test\Ungood\img\01003_92.png,1,0.01799698919057846,0.01799698919057846,0.3691781759262085,4.839274883270264
data\BraTS2021_slice\test\Ungood\img\01004_60.png,1,0.008235902525484562,0.008235902525484562,0.2600952684879303,2.6255786418914795
data\BraTS2021_slice\test\Ungood\img\01004_68.png,1,0.0083151301369071,0.0083151301369071,0.2342497706413269,2.795036792755127
data\BraTS2021_slice\test\Ungood\img\01004_76.png,1,0.009652049280703068,0.009652049280703068,0.2918047308921814,3.3934879302978516
data\BraTS2021_slice\test\Ungood\img\01004_84.png,1,0.009871859103441238,0.009871859103441238,0.3235290050506592,3.730468511581421
data\BraTS2021_slice\test\Ungood\img\01004_92.png,1,0.013531646691262722,0.013531646691262722,0.4555016756057739,5.01345157623291
data\BraTS2021_slice\test\Ungood\img\01005_60.png,1,0.009315812960267067,0.009315812960267067,0.21697649359703064,2.4694762229919434
data\BraTS2021_slice\test\Ungood\img\01005_68.png,1,0.00981433130800724,0.00981433130800724,0.1821592152118683,2.3520967960357666
data\BraTS2021_slice\test\Ungood\img\01005_76.png,1,0.008893557824194431,0.008893557824194431,0.2276804894208908,2.8586983680725098
data\BraTS2021_slice\test\Ungood\img\01005_84.png,1,0.010591314174234867,0.010591314174234867,0.2395724207162857,3.171769380569458
data\BraTS2021_slice\test\Ungood\img\01005_92.png,1,0.011158588342368603,0.011158588342368603,0.30098509788513184,3.822256565093994
data\BraTS2021_slice\test\Ungood\img\01012_60.png,1,0.0072629270143806934,0.0072629270143806934,0.26481446623802185,3.048769950866699
data\BraTS2021_slice\test\Ungood\img\01012_68.png,1,0.008275611326098442,0.008275611326098442,0.21859700977802277,2.644744396209717
data\BraTS2021_slice\test\Ungood\img\01012_76.png,1,0.006229175254702568,0.006229175254702568,0.14579743146896362,1.7312246561050415
data\BraTS2021_slice\test\Ungood\img\01012_84.png,1,0.006291063968092203,0.006291063968092203,0.16246137022972107,1.9757473468780518
data\BraTS2021_slice\test\Ungood\img\01012_92.png,1,0.0064869774505496025,0.0064869774505496025,0.17121514678001404,2.0284085273742676
data\BraTS2021_slice\test\Ungood\img\01013_60.png,1,0.008806000463664532,0.008806000463664532,0.1897510141134262,2.527310609817505
data\BraTS2021_slice\test\Ungood\img\01013_68.png,1,0.009953035973012447,0.009953035973012447,0.21949510276317596,2.416473627090454
data\BraTS2021_slice\test\Ungood\img\01013_76.png,1,0.01052639726549387,0.01052639726549387,0.18700486421585083,2.3452112674713135
data\BraTS2021_slice\test\Ungood\img\01013_84.png,1,0.013855921104550362,0.013855921104550362,0.26261991262435913,3.1142046451568604
data\BraTS2021_slice\test\Ungood\img\01013_92.png,1,0.014717448502779007,0.014717448502779007,0.23997896909713745,3.255051851272583
data\BraTS2021_slice\test\Ungood\img\01015_60.png,1,0.013529444113373756,0.013529444113373756,0.2643996775150299,2.7467222213745117
data\BraTS2021_slice\test\Ungood\img\01015_68.png,1,0.010381001979112625,0.010381001979112625,0.21013276278972626,2.151541233062744
data\BraTS2021_slice\test\Ungood\img\01015_76.png,1,0.013555851764976978,0.013555851764976978,0.20728793740272522,1.9755877256393433
data\BraTS2021_slice\test\Ungood\img\01015_84.png,1,0.013088305480778217,0.013088305480778217,0.2369108945131302,2.41243839263916
data\BraTS2021_slice\test\Ungood\img\01015_92.png,1,0.013396626338362694,0.013396626338362694,0.25368204712867737,3.005054473876953
data\BraTS2021_slice\test\Ungood\img\01018_60.png,1,0.014868545345962048,0.014868545345962048,0.2596462666988373,3.4419658184051514
data\BraTS2021_slice\test\Ungood\img\01018_68.png,1,0.015312892384827137,0.015312892384827137,0.268884539604187,3.414947032928467
data\BraTS2021_slice\test\Ungood\img\01018_76.png,1,0.012983140535652637,0.012983140535652637,0.24084945023059845,2.9760372638702393
data\BraTS2021_slice\test\Ungood\img\01018_84.png,1,0.01103774830698967,0.01103774830698967,0.2660101056098938,2.8901374340057373
data\BraTS2021_slice\test\Ungood\img\01018_92.png,1,0.009480707347393036,0.009480707347393036,0.17960090935230255,2.2554214000701904
data\BraTS2021_slice\test\Ungood\img\01019_60.png,1,0.00721351895481348,0.00721351895481348,0.19060270488262177,2.223395586013794
data\BraTS2021_slice\test\Ungood\img\01019_68.png,1,0.005725604947656393,0.005725604947656393,0.20508314669132233,2.4231138229370117
data\BraTS2021_slice\test\Ungood\img\01019_76.png,1,0.006792201194912195,0.006792201194912195,0.23416481912136078,2.712733030319214
data\BraTS2021_slice\test\Ungood\img\01019_84.png,1,0.0071136727929115295,0.0071136727929115295,0.23505167663097382,2.6441667079925537
data\BraTS2021_slice\test\Ungood\img\01019_92.png,1,0.006853353697806597,0.006853353697806597,0.17336374521255493,1.9585875272750854
data\BraTS2021_slice\test\Ungood\img\01021_60.png,1,0.01211390271782875,0.01211390271782875,0.2749451994895935,2.9537248611450195
data\BraTS2021_slice\test\Ungood\img\01021_68.png,1,0.01121984887868166,0.01121984887868166,0.27017340064048767,2.79892897605896
data\BraTS2021_slice\test\Ungood\img\01021_76.png,1,0.012619968503713608,0.012619968503713608,0.29067304730415344,2.9093921184539795
data\BraTS2021_slice\test\Ungood\img\01021_84.png,1,0.012062128633260727,0.012062128633260727,0.2639140486717224,2.4895193576812744
data\BraTS2021_slice\test\Ungood\img\01021_92.png,1,0.011155917309224606,0.011155917309224606,0.24606187641620636,2.5917398929595947
data\BraTS2021_slice\test\Ungood\img\01022_60.png,1,0.007697208318859339,0.007697208318859339,0.22232414782047272,2.2962210178375244
data\BraTS2021_slice\test\Ungood\img\01022_68.png,1,0.008710724301636219,0.008710724301636219,0.17014625668525696,1.854987621307373
data\BraTS2021_slice\test\Ungood\img\01022_76.png,1,0.008916983380913734,0.008916983380913734,0.16978976130485535,2.001002788543701
data\BraTS2021_slice\test\Ungood\img\01022_84.png,1,0.0089236656203866,0.0089236656203866,0.17856787145137787,2.1645102500915527
data\BraTS2021_slice\test\Ungood\img\01022_92.png,1,0.007092694751918316,0.007092694751918316,0.15811818838119507,1.883573055267334
data\BraTS2021_slice\test\Ungood\img\01024_60.png,1,0.008239519782364368,0.008239519782364368,0.23510007560253143,2.551717758178711
data\BraTS2021_slice\test\Ungood\img\01024_68.png,1,0.007425247225910425,0.007425247225910425,0.236640065908432,2.887793779373169
data\BraTS2021_slice\test\Ungood\img\01024_76.png,1,0.007258822675794363,0.007258822675794363,0.2430671751499176,3.028805732727051
data\BraTS2021_slice\test\Ungood\img\01024_84.png,1,0.007789578288793564,0.007789578288793564,0.30030879378318787,3.3877689838409424
data\BraTS2021_slice\test\Ungood\img\01024_92.png,1,0.014210578054189682,0.014210578054189682,0.312989741563797,3.5457441806793213
data\BraTS2021_slice\test\Ungood\img\01026_60.png,1,0.007712680380791426,0.007712680380791426,0.2370728850364685,2.711331844329834
data\BraTS2021_slice\test\Ungood\img\01026_68.png,1,0.009486991912126541,0.009486991912126541,0.19966600835323334,2.293200969696045
data\BraTS2021_slice\test\Ungood\img\01026_76.png,1,0.009341370314359665,0.009341370314359665,0.20707587897777557,2.4501094818115234
data\BraTS2021_slice\test\Ungood\img\01026_84.png,1,0.009357308968901634,0.009357308968901634,0.2440677434206009,2.7091805934906006
data\BraTS2021_slice\test\Ungood\img\01026_92.png,1,0.010959167964756489,0.010959167964756489,0.25872182846069336,2.7364795207977295
data\BraTS2021_slice\test\Ungood\img\01029_60.png,1,0.009267701767385006,0.009267701767385006,0.24028410017490387,2.827622652053833
data\BraTS2021_slice\test\Ungood\img\01029_68.png,1,0.009774776175618172,0.009774776175618172,0.2516707479953766,2.7631800174713135
data\BraTS2021_slice\test\Ungood\img\01029_76.png,1,0.010999883525073528,0.010999883525073528,0.29871639609336853,3.407186985015869
data\BraTS2021_slice\test\Ungood\img\01029_84.png,1,0.012467915192246437,0.012467915192246437,0.3873789310455322,4.603243350982666
data\BraTS2021_slice\test\Ungood\img\01029_92.png,1,0.011920464225113392,0.011920464225113392,0.3516428470611572,4.511401176452637
data\BraTS2021_slice\test\Ungood\img\01032_60.png,1,0.006436243187636137,0.006436243187636137,0.16492916643619537,1.8882219791412354
data\BraTS2021_slice\test\Ungood\img\01032_68.png,1,0.0075169941410422325,0.0075169941410422325,0.12989476323127747,1.41580069065094
data\BraTS2021_slice\test\Ungood\img\01032_76.png,1,0.015579156577587128,0.015579156577587128,0.18309715390205383,2.2811315059661865
data\BraTS2021_slice\test\Ungood\img\01032_84.png,1,0.0257889237254858,0.0257889237254858,0.3988460302352905,6.107872486114502
data\BraTS2021_slice\test\Ungood\img\01032_92.png,1,0.02572181075811386,0.02572181075811386,0.4761786460876465,7.055237770080566
data\BraTS2021_slice\test\Ungood\img\01038_60.png,1,0.016231220215559006,0.016231220215559006,0.27673637866973877,3.693488359451294
data\BraTS2021_slice\test\Ungood\img\01038_68.png,1,0.015607824549078941,0.015607824549078941,0.32659992575645447,4.2819342613220215
data\BraTS2021_slice\test\Ungood\img\01038_76.png,1,0.01333195623010397,0.01333195623010397,0.34976038336753845,4.476120948791504
data\BraTS2021_slice\test\Ungood\img\01038_84.png,1,0.012714078649878502,0.012714078649878502,0.3342200517654419,4.412062168121338
data\BraTS2021_slice\test\Ungood\img\01038_92.png,1,0.015550435520708561,0.015550435520708561,0.29353439807891846,4.169736385345459
data\BraTS2021_slice\test\Ungood\img\01040_60.png,1,0.007869512774050236,0.007869512774050236,0.24433991312980652,3.1895229816436768
data\BraTS2021_slice\test\Ungood\img\01040_68.png,1,0.009157714433968067,0.009157714433968067,0.28250551223754883,3.0881171226501465
data\BraTS2021_slice\test\Ungood\img\01040_76.png,1,0.009000150486826897,0.009000150486826897,0.3046882450580597,3.3167665004730225
data\BraTS2021_slice\test\Ungood\img\01040_84.png,1,0.009636598639190197,0.009636598639190197,0.31469735503196716,3.3531835079193115
data\BraTS2021_slice\test\Ungood\img\01040_92.png,1,0.012340578250586987,0.012340578250586987,0.3314215838909149,3.7244479656219482
data\BraTS2021_slice\test\Ungood\img\01041_60.png,1,0.011875377036631107,0.011875377036631107,0.2969008982181549,3.455878496170044
data\BraTS2021_slice\test\Ungood\img\01041_68.png,1,0.00906284712255001,0.00906284712255001,0.20786349475383759,2.5833351612091064
data\BraTS2021_slice\test\Ungood\img\01041_76.png,1,0.010571599006652832,0.010571599006652832,0.24943526089191437,3.351588249206543
data\BraTS2021_slice\test\Ungood\img\01041_84.png,1,0.015404093079268932,0.015404093079268932,0.3140042722225189,4.20035982131958
data\BraTS2021_slice\test\Ungood\img\01041_92.png,1,0.007225902751088142,0.007225902751088142,0.18410274386405945,2.2598910331726074
data\BraTS2021_slice\test\Ungood\img\01042_60.png,1,0.014109553769230843,0.014109553769230843,0.3411150574684143,4.366798400878906
data\BraTS2021_slice\test\Ungood\img\01042_68.png,1,0.015128841623663902,0.015128841623663902,0.3945213854312897,4.482419013977051
data\BraTS2021_slice\test\Ungood\img\01042_76.png,1,0.015605914406478405,0.015605914406478405,0.40920862555503845,4.4848408699035645
data\BraTS2021_slice\test\Ungood\img\01042_84.png,1,0.01558680646121502,0.01558680646121502,0.3725396394729614,4.926209926605225
data\BraTS2021_slice\test\Ungood\img\01042_92.png,1,0.015039934776723385,0.015039934776723385,0.3629612326622009,5.205540180206299
data\BraTS2021_slice\test\Ungood\img\01044_60.png,1,0.013789082877337933,0.013789082877337933,0.28145936131477356,3.5295376777648926
data\BraTS2021_slice\test\Ungood\img\01044_68.png,1,0.012990024872124195,0.012990024872124195,0.2931612730026245,3.9510838985443115
data\BraTS2021_slice\test\Ungood\img\01044_76.png,1,0.010825097560882568,0.010825097560882568,0.2843843698501587,3.5445265769958496
data\BraTS2021_slice\test\Ungood\img\01044_84.png,1,0.012177699245512486,0.012177699245512486,0.2839435338973999,3.2615323066711426
data\BraTS2021_slice\test\Ungood\img\01044_92.png,1,0.0153886079788208,0.0153886079788208,0.3638093173503876,3.8769538402557373
data\BraTS2021_slice\test\Ungood\img\01045_60.png,1,0.015682116150856018,0.015682116150856018,0.37787023186683655,4.464417457580566
data\BraTS2021_slice\test\Ungood\img\01045_68.png,1,0.015500526875257492,0.015500526875257492,0.49295175075531006,5.042170524597168
data\BraTS2021_slice\test\Ungood\img\01045_76.png,1,0.016102179884910583,0.016102179884910583,0.4779267907142639,4.915547847747803
data\BraTS2021_slice\test\Ungood\img\01045_84.png,1,0.015375045128166676,0.015375045128166676,0.39641329646110535,4.20738410949707
data\BraTS2021_slice\test\Ungood\img\01045_92.png,1,0.014886573888361454,0.014886573888361454,0.37575241923332214,4.285130500793457
data\BraTS2021_slice\test\Ungood\img\01049_60.png,1,0.00684465141966939,0.00684465141966939,0.2083079069852829,2.3571183681488037
data\BraTS2021_slice\test\Ungood\img\01049_68.png,1,0.006560072768479586,0.006560072768479586,0.19686447083950043,2.2543294429779053
data\BraTS2021_slice\test\Ungood\img\01049_76.png,1,0.008082493208348751,0.008082493208348751,0.20090818405151367,2.350820779800415
data\BraTS2021_slice\test\Ungood\img\01049_84.png,1,0.00634765625,0.00634765625,0.1961604803800583,2.3794784545898438
data\BraTS2021_slice\test\Ungood\img\01049_92.png,1,0.007646708749234676,0.007646708749234676,0.20606623589992523,2.516928195953369
data\BraTS2021_slice\test\Ungood\img\01050_60.png,1,0.0073607489466667175,0.0073607489466667175,0.23212705552577972,2.496549129486084
data\BraTS2021_slice\test\Ungood\img\01050_68.png,1,0.008297190070152283,0.008297190070152283,0.24770589172840118,2.9278645515441895
data\BraTS2021_slice\test\Ungood\img\01050_76.png,1,0.008679877035319805,0.008679877035319805,0.20395344495773315,2.6883203983306885
data\BraTS2021_slice\test\Ungood\img\01050_84.png,1,0.007989779114723206,0.007989779114723206,0.2037375271320343,2.487637519836426
data\BraTS2021_slice\test\Ungood\img\01050_92.png,1,0.005604609381407499,0.005604609381407499,0.1525326818227768,1.7292406558990479
data\BraTS2021_slice\test\Ungood\img\01051_60.png,1,0.008152250200510025,0.008152250200510025,0.25178709626197815,3.054919481277466
data\BraTS2021_slice\test\Ungood\img\01051_68.png,1,0.01026842836290598,0.01026842836290598,0.24467718601226807,3.0814497470855713
data\BraTS2021_slice\test\Ungood\img\01051_76.png,1,0.013553652912378311,0.013553652912378311,0.31826096773147583,3.8893589973449707
data\BraTS2021_slice\test\Ungood\img\01051_84.png,1,0.01131506823003292,0.01131506823003292,0.2636135220527649,3.4779915809631348
data\BraTS2021_slice\test\Ungood\img\01051_92.png,1,0.010189764201641083,0.010189764201641083,0.2278016060590744,3.0090725421905518
data\BraTS2021_slice\test\Ungood\img\01053_60.png,1,0.008738052099943161,0.008738052099943161,0.24440538883209229,2.6923398971557617
data\BraTS2021_slice\test\Ungood\img\01053_68.png,1,0.009389103390276432,0.009389103390276432,0.19799573719501495,2.1180577278137207
data\BraTS2021_slice\test\Ungood\img\01053_76.png,1,0.0089736208319664,0.0089736208319664,0.17454653978347778,1.926633358001709
data\BraTS2021_slice\test\Ungood\img\01053_84.png,1,0.00969518069177866,0.00969518069177866,0.1387416422367096,1.6456202268600464
data\BraTS2021_slice\test\Ungood\img\01053_92.png,1,0.007666171062737703,0.007666171062737703,0.1789218634366989,2.2086925506591797
data\BraTS2021_slice\test\Ungood\img\01058_60.png,1,0.009621122851967812,0.009621122851967812,0.2739783227443695,3.030951738357544
data\BraTS2021_slice\test\Ungood\img\01058_68.png,1,0.010948284529149532,0.010948284529149532,0.2795686423778534,2.9854676723480225
data\BraTS2021_slice\test\Ungood\img\01058_76.png,1,0.009692106395959854,0.009692106395959854,0.2962149679660797,3.2127199172973633
data\BraTS2021_slice\test\Ungood\img\01058_84.png,1,0.008279211819171906,0.008279211819171906,0.21858836710453033,2.8506524562835693
data\BraTS2021_slice\test\Ungood\img\01058_92.png,1,0.007580163422971964,0.007580163422971964,0.21948601305484772,2.6096203327178955
data\BraTS2021_slice\test\Ungood\img\01060_60.png,1,0.015921637415885925,0.015921637415885925,0.3762669861316681,5.162430286407471
data\BraTS2021_slice\test\Ungood\img\01060_68.png,1,0.015720078721642494,0.015720078721642494,0.33768829703330994,4.407894611358643
data\BraTS2021_slice\test\Ungood\img\01060_76.png,1,0.01506962813436985,0.01506962813436985,0.3134426176548004,4.011630535125732
data\BraTS2021_slice\test\Ungood\img\01060_84.png,1,0.015126870945096016,0.015126870945096016,0.32791757583618164,4.359441757202148
data\BraTS2021_slice\test\Ungood\img\01060_92.png,1,0.015626907348632812,0.015626907348632812,0.2935798764228821,4.162969589233398
data\BraTS2021_slice\test\Ungood\img\01061_60.png,1,0.015242666937410831,0.015242666937410831,0.340638667345047,4.084022521972656
data\BraTS2021_slice\test\Ungood\img\01061_68.png,1,0.013909589499235153,0.013909589499235153,0.36331480741500854,4.076254844665527
data\BraTS2021_slice\test\Ungood\img\01061_76.png,1,0.014603610150516033,0.014603610150516033,0.35550469160079956,3.83739972114563
data\BraTS2021_slice\test\Ungood\img\01061_84.png,1,0.015684016048908234,0.015684016048908234,0.3756856620311737,4.611301898956299
data\BraTS2021_slice\test\Ungood\img\01061_92.png,1,0.015124901197850704,0.015124901197850704,0.3467842936515808,4.9258270263671875
data\BraTS2021_slice\test\Ungood\img\01063_60.png,1,0.014699212275445461,0.014699212275445461,0.35723158717155457,4.066744327545166
data\BraTS2021_slice\test\Ungood\img\01063_68.png,1,0.014570921659469604,0.014570921659469604,0.39468368887901306,4.083806991577148
data\BraTS2021_slice\test\Ungood\img\01063_76.png,1,0.01431297231465578,0.01431297231465578,0.4154491126537323,4.656009197235107
data\BraTS2021_slice\test\Ungood\img\01063_84.png,1,0.01669107936322689,0.01669107936322689,0.45013734698295593,4.593380451202393
data\BraTS2021_slice\test\Ungood\img\01063_92.png,1,0.01778041198849678,0.01778041198849678,0.49057674407958984,5.761294364929199
data\BraTS2021_slice\test\Ungood\img\01064_60.png,1,0.00740515161305666,0.00740515161305666,0.21537742018699646,2.574904680252075
data\BraTS2021_slice\test\Ungood\img\01064_68.png,1,0.005859375,0.005859375,0.18399055302143097,2.177130937576294
data\BraTS2021_slice\test\Ungood\img\01064_76.png,1,0.005662799347192049,0.005662799347192049,0.1962358057498932,2.5977301597595215
data\BraTS2021_slice\test\Ungood\img\01064_84.png,1,0.007528878748416901,0.007528878748416901,0.223074808716774,3.081946849822998
data\BraTS2021_slice\test\Ungood\img\01064_92.png,1,0.007254716008901596,0.007254716008901596,0.2067754864692688,2.695096731185913
data\BraTS2021_slice\test\Ungood\img\01065_60.png,1,0.011150573380291462,0.011150573380291462,0.341754287481308,4.116795539855957
data\BraTS2021_slice\test\Ungood\img\01065_68.png,1,0.012371933087706566,0.012371933087706566,0.3075936436653137,3.797667980194092
data\BraTS2021_slice\test\Ungood\img\01065_76.png,1,0.010926485992968082,0.010926485992968082,0.2906739115715027,3.664377212524414
data\BraTS2021_slice\test\Ungood\img\01065_84.png,1,0.01287017110735178,0.01287017110735178,0.41198039054870605,4.553996562957764
data\BraTS2021_slice\test\Ungood\img\01065_92.png,1,0.013409966602921486,0.013409966602921486,0.35078659653663635,4.4947638511657715
data\BraTS2021_slice\test\Ungood\img\01066_60.png,1,0.005990158300846815,0.005990158300846815,0.25208142399787903,2.8999414443969727
data\BraTS2021_slice\test\Ungood\img\01066_68.png,1,0.006088849622756243,0.006088849622756243,0.16462835669517517,1.9022388458251953
data\BraTS2021_slice\test\Ungood\img\01066_76.png,1,0.006463965866714716,0.006463965866714716,0.16319529712200165,1.984948754310608
data\BraTS2021_slice\test\Ungood\img\01066_84.png,1,0.007673942018300295,0.007673942018300295,0.20301255583763123,2.565021514892578
data\BraTS2021_slice\test\Ungood\img\01066_92.png,1,0.006564613897353411,0.006564613897353411,0.24296997487545013,2.9999401569366455
data\BraTS2021_slice\test\Ungood\img\01069_60.png,1,0.006113273557275534,0.006113273557275534,0.15907077491283417,1.6686500310897827
data\BraTS2021_slice\test\Ungood\img\01069_68.png,1,0.010885496623814106,0.010885496623814106,0.23982100188732147,2.6947600841522217
data\BraTS2021_slice\test\Ungood\img\01069_76.png,1,0.012371933087706566,0.012371933087706566,0.2567923367023468,2.9054300785064697
data\BraTS2021_slice\test\Ungood\img\01069_84.png,1,0.016044702380895615,0.016044702380895615,0.3417139947414398,4.0018134117126465
data\BraTS2021_slice\test\Ungood\img\01069_92.png,1,0.019133523106575012,0.019133523106575012,0.3806709349155426,4.748012542724609
data\BraTS2021_slice\test\Ungood\img\01070_60.png,1,0.010866315104067326,0.010866315104067326,0.28708088397979736,3.399615526199341
data\BraTS2021_slice\test\Ungood\img\01070_68.png,1,0.011962890625,0.011962890625,0.36447110772132874,4.030721664428711
data\BraTS2021_slice\test\Ungood\img\01070_76.png,1,0.013665334321558475,0.013665334321558475,0.4378623366355896,5.450387954711914
data\BraTS2021_slice\test\Ungood\img\01070_84.png,1,0.009000150486826897,0.009000150486826897,0.3239342272281647,3.985018014907837
data\BraTS2021_slice\test\Ungood\img\01070_92.png,1,0.009941051714122295,0.009941051714122295,0.3271385431289673,3.5289971828460693
data\BraTS2021_slice\test\Ungood\img\01071_60.png,1,0.010486685670912266,0.010486685670912266,0.25344082713127136,2.850651502609253
data\BraTS2021_slice\test\Ungood\img\01071_68.png,1,0.01156257838010788,0.01156257838010788,0.2625499665737152,3.0083224773406982
data\BraTS2021_slice\test\Ungood\img\01071_76.png,1,0.010841603390872478,0.010841603390872478,0.26263976097106934,3.0495424270629883
data\BraTS2021_slice\test\Ungood\img\01071_84.png,1,0.011262267827987671,0.011262267827987671,0.27036944031715393,3.380950927734375
data\BraTS2021_slice\test\Ungood\img\01071_92.png,1,0.015682116150856018,0.015682116150856018,0.3364291787147522,4.40098762512207
data\BraTS2021_slice\test\Ungood\img\01072_60.png,1,0.0082431361079216,0.0082431361079216,0.32644087076187134,3.3204360008239746
data\BraTS2021_slice\test\Ungood\img\01072_68.png,1,0.012362293899059296,0.012362293899059296,0.3208095133304596,3.5101840496063232
data\BraTS2021_slice\test\Ungood\img\01072_76.png,1,0.012140934355556965,0.012140934355556965,0.3093027174472809,3.467576742172241
data\BraTS2021_slice\test\Ungood\img\01072_84.png,1,0.010574418120086193,0.010574418120086193,0.2766978144645691,3.2903172969818115
data\BraTS2021_slice\test\Ungood\img\01072_92.png,1,0.01111041009426117,0.01111041009426117,0.29294517636299133,3.4219367504119873
data\BraTS2021_slice\test\Ungood\img\01073_60.png,1,0.008576254360377789,0.008576254360377789,0.27546072006225586,3.3279473781585693
data\BraTS2021_slice\test\Ungood\img\01073_68.png,1,0.011915463022887707,0.011915463022887707,0.3060952126979828,3.950502634048462
data\BraTS2021_slice\test\Ungood\img\01073_76.png,1,0.013447694480419159,0.013447694480419159,0.37951046228408813,4.481084823608398
data\BraTS2021_slice\test\Ungood\img\01073_84.png,1,0.014950498938560486,0.014950498938560486,0.40602073073387146,4.622026443481445
data\BraTS2021_slice\test\Ungood\img\01073_92.png,1,0.015765512362122536,0.015765512362122536,0.4146701693534851,4.809885025024414
data\BraTS2021_slice\test\Ungood\img\01076_60.png,1,0.008155904710292816,0.008155904710292816,0.29146724939346313,3.075650453567505
data\BraTS2021_slice\test\Ungood\img\01076_68.png,1,0.00842550490051508,0.00842550490051508,0.1747799962759018,1.9980190992355347
data\BraTS2021_slice\test\Ungood\img\01076_76.png,1,0.008829658851027489,0.008829658851027489,0.17546430230140686,2.113316297531128
data\BraTS2021_slice\test\Ungood\img\01076_84.png,1,0.011985290795564651,0.011985290795564651,0.22849315404891968,2.5460495948791504
data\BraTS2021_slice\test\Ungood\img\01076_92.png,1,0.01349636260420084,0.01349636260420084,0.2570841908454895,2.878282070159912
data\BraTS2021_slice\test\Ungood\img\01078_60.png,1,0.010210216976702213,0.010210216976702213,0.31883934140205383,3.6858508586883545
data\BraTS2021_slice\test\Ungood\img\01078_68.png,1,0.01883525587618351,0.01883525587618351,0.3981676697731018,5.160877227783203
data\BraTS2021_slice\test\Ungood\img\01078_76.png,1,0.018923655152320862,0.018923655152320862,0.402665913105011,5.170393466949463
data\BraTS2021_slice\test\Ungood\img\01078_84.png,1,0.018610818311572075,0.018610818311572075,0.39253300428390503,5.0388102531433105
data\BraTS2021_slice\test\Ungood\img\01078_92.png,1,0.01976936124265194,0.01976936124265194,0.3725660741329193,4.974264144897461
data\BraTS2021_slice\test\Ungood\img\01079_60.png,1,0.014486820437014103,0.014486820437014103,0.34668710827827454,4.21366024017334
data\BraTS2021_slice\test\Ungood\img\01079_68.png,1,0.013429953716695309,0.013429953716695309,0.333970844745636,3.8965377807617188
data\BraTS2021_slice\test\Ungood\img\01079_76.png,1,0.013028969056904316,0.013028969056904316,0.2989540100097656,3.535707712173462
data\BraTS2021_slice\test\Ungood\img\01079_84.png,1,0.012436802498996258,0.012436802498996258,0.34218356013298035,3.367995023727417
data\BraTS2021_slice\test\Ungood\img\01079_92.png,1,0.009196683764457703,0.009196683764457703,0.2994440495967865,3.247007369995117
data\BraTS2021_slice\test\Ungood\img\01080_60.png,1,0.012996905483305454,0.012996905483305454,0.31346395611763,3.9328653812408447
data\BraTS2021_slice\test\Ungood\img\01080_68.png,1,0.013724091462790966,0.013724091462790966,0.3108977973461151,4.171626091003418
data\BraTS2021_slice\test\Ungood\img\01080_76.png,1,0.015332342125475407,0.015332342125475407,0.35904550552368164,4.807241439819336
data\BraTS2021_slice\test\Ungood\img\01080_84.png,1,0.012362293899059296,0.012362293899059296,0.27385589480400085,3.8417136669158936
data\BraTS2021_slice\test\Ungood\img\01080_92.png,1,0.007989779114723206,0.007989779114723206,0.19637541472911835,2.3368687629699707
data\BraTS2021_slice\test\Ungood\img\01084_60.png,1,0.006491570267826319,0.006491570267826319,0.1982712745666504,2.312302589416504
data\BraTS2021_slice\test\Ungood\img\01084_68.png,1,0.009796095080673695,0.009796095080673695,0.29064249992370605,3.475707769393921
data\BraTS2021_slice\test\Ungood\img\01084_76.png,1,0.009941051714122295,0.009941051714122295,0.2760196924209595,3.5566604137420654
data\BraTS2021_slice\test\Ungood\img\01084_84.png,1,0.008614393882453442,0.008614393882453442,0.2307785302400589,3.0490710735321045
data\BraTS2021_slice\test\Ungood\img\01084_92.png,1,0.00877548847347498,0.00877548847347498,0.16968639194965363,2.134145736694336
data\BraTS2021_slice\test\Ungood\img\01087_60.png,1,0.006935484707355499,0.006935484707355499,0.19372956454753876,2.385800838470459
data\BraTS2021_slice\test\Ungood\img\01087_68.png,1,0.007911060005426407,0.007911060005426407,0.2210824191570282,2.7733688354492188
data\BraTS2021_slice\test\Ungood\img\01087_76.png,1,0.008631674572825432,0.008631674572825432,0.22797422111034393,2.901106119155884
data\BraTS2021_slice\test\Ungood\img\01087_84.png,1,0.007884645834565163,0.007884645834565163,0.1990704983472824,2.4846463203430176
data\BraTS2021_slice\test\Ungood\img\01087_92.png,1,0.01753568835556507,0.01753568835556507,0.2792651057243347,4.09800910949707
data\BraTS2021_slice\test\Ungood\img\01089_60.png,1,0.013862372376024723,0.013862372376024723,0.37098708748817444,4.703612804412842
data\BraTS2021_slice\test\Ungood\img\01089_68.png,1,0.013367674313485622,0.013367674313485622,0.3586942255496979,4.442078113555908
data\BraTS2021_slice\test\Ungood\img\01089_76.png,1,0.016471805050969124,0.016471805050969124,0.3828437030315399,4.591426849365234
data\BraTS2021_slice\test\Ungood\img\01089_84.png,1,0.015199592337012291,0.015199592337012291,0.4098031520843506,5.267614364624023
data\BraTS2021_slice\test\Ungood\img\01089_92.png,1,0.016551222652196884,0.016551222652196884,0.406156063079834,5.025167465209961
data\BraTS2021_slice\test\Ungood\img\01090_60.png,1,0.008196000941097736,0.008196000941097736,0.2653801143169403,2.8719422817230225
data\BraTS2021_slice\test\Ungood\img\01090_68.png,1,0.008795841597020626,0.008795841597020626,0.2387494593858719,2.821150064468384
data\BraTS2021_slice\test\Ungood\img\01090_76.png,1,0.010461077094078064,0.010461077094078064,0.27662134170532227,3.485193967819214
data\BraTS2021_slice\test\Ungood\img\01090_84.png,1,0.008758491836488247,0.008758491836488247,0.2954255938529968,3.71173095703125
data\BraTS2021_slice\test\Ungood\img\01090_92.png,1,0.00820326991379261,0.00820326991379261,0.27127817273139954,3.4486212730407715
data\BraTS2021_slice\test\Ungood\img\01092_60.png,1,0.008963651955127716,0.008963651955127716,0.3285045027732849,3.3737807273864746
data\BraTS2021_slice\test\Ungood\img\01092_68.png,1,0.013986509293317795,0.013986509293317795,0.273325115442276,3.7542712688446045
data\BraTS2021_slice\test\Ungood\img\01092_76.png,1,0.013264724053442478,0.013264724053442478,0.2695997953414917,3.6539056301116943
data\BraTS2021_slice\test\Ungood\img\01092_84.png,1,0.012417617253959179,0.012417617253959179,0.28197571635246277,3.7130463123321533
data\BraTS2021_slice\test\Ungood\img\01092_92.png,1,0.014269178733229637,0.014269178733229637,0.25209882855415344,3.3201904296875
data\BraTS2021_slice\test\Ungood\img\01095_60.png,1,0.008436109870672226,0.008436109870672226,0.2555614411830902,3.387657403945923
data\BraTS2021_slice\test\Ungood\img\01095_68.png,1,0.012420017272233963,0.012420017272233963,0.4394162893295288,5.773587703704834
data\BraTS2021_slice\test\Ungood\img\01095_76.png,1,0.01501415204256773,0.01501415204256773,0.46673041582107544,5.60587739944458
data\BraTS2021_slice\test\Ungood\img\01095_84.png,1,0.019388824701309204,0.019388824701309204,0.49187299609184265,5.427399158477783
data\BraTS2021_slice\test\Ungood\img\01095_92.png,1,0.016567420214414597,0.016567420214414597,0.4448830783367157,4.712217807769775
data\BraTS2021_slice\test\Ungood\img\01096_60.png,1,0.008686741814017296,0.008686741814017296,0.21635134518146515,2.6243317127227783
data\BraTS2021_slice\test\Ungood\img\01096_68.png,1,0.011414716951549053,0.011414716951549053,0.2772112488746643,3.1972062587738037
data\BraTS2021_slice\test\Ungood\img\01096_76.png,1,0.0114173274487257,0.0114173274487257,0.3174835741519928,3.430570602416992
data\BraTS2021_slice\test\Ungood\img\01096_84.png,1,0.013795565813779831,0.013795565813779831,0.32875514030456543,3.4323465824127197
data\BraTS2021_slice\test\Ungood\img\01096_92.png,1,0.01788402907550335,0.01788402907550335,0.4137078523635864,4.389617443084717
data\BraTS2021_slice\test\Ungood\img\01098_60.png,1,0.009170722216367722,0.009170722216367722,0.23020656406879425,2.726213216781616
data\BraTS2021_slice\test\Ungood\img\01098_68.png,1,0.006883726455271244,0.006883726455271244,0.24416527152061462,2.8001863956451416
data\BraTS2021_slice\test\Ungood\img\01098_76.png,1,0.008166859857738018,0.008166859857738018,0.2655309736728668,3.171548843383789
data\BraTS2021_slice\test\Ungood\img\01098_84.png,1,0.0089236656203866,0.0089236656203866,0.2867679297924042,3.1776633262634277
data\BraTS2021_slice\test\Ungood\img\01098_92.png,1,0.00826119352132082,0.00826119352132082,0.2851021885871887,2.977269172668457
data\BraTS2021_slice\test\Ungood\img\01101_60.png,1,0.006333555560559034,0.006333555560559034,0.209376722574234,2.4556212425231934
data\BraTS2021_slice\test\Ungood\img\01101_68.png,1,0.006582748610526323,0.006582748610526323,0.18189822137355804,2.081293821334839
data\BraTS2021_slice\test\Ungood\img\01101_76.png,1,0.011026943102478981,0.011026943102478981,0.23303978145122528,2.3681414127349854
data\BraTS2021_slice\test\Ungood\img\01101_84.png,1,0.009286975488066673,0.009286975488066673,0.19529566168785095,1.9966983795166016
data\BraTS2021_slice\test\Ungood\img\01101_92.png,1,0.010863572359085083,0.010863572359085083,0.21131791174411774,2.2636773586273193
data\BraTS2021_slice\test\Ungood\img\01104_60.png,1,0.014208480715751648,0.014208480715751648,0.33673229813575745,4.820362091064453
data\BraTS2021_slice\test\Ungood\img\01104_68.png,1,0.016921604052186012,0.016921604052186012,0.3096085488796234,4.28807258605957
data\BraTS2021_slice\test\Ungood\img\01104_76.png,1,0.019200382754206657,0.019200382754206657,0.35586804151535034,4.9710211753845215
data\BraTS2021_slice\test\Ungood\img\01104_84.png,1,0.009701326489448547,0.009701326489448547,0.3289867341518402,3.773690938949585
data\BraTS2021_slice\test\Ungood\img\01104_92.png,1,0.008390058763325214,0.008390058763325214,0.2807468771934509,3.2173731327056885
data\BraTS2021_slice\test\Ungood\img\01105_60.png,1,0.01782393828034401,0.01782393828034401,0.3865962326526642,4.4881272315979
data\BraTS2021_slice\test\Ungood\img\01105_68.png,1,0.017945582047104836,0.017945582047104836,0.3818497359752655,4.326088905334473
data\BraTS2021_slice\test\Ungood\img\01105_76.png,1,0.017448797821998596,0.017448797821998596,0.429311603307724,5.156859874725342
data\BraTS2021_slice\test\Ungood\img\01105_84.png,1,0.013302863575518131,0.013302863575518131,0.39582401514053345,4.968567848205566
data\BraTS2021_slice\test\Ungood\img\01105_92.png,1,0.009286975488066673,0.009286975488066673,0.2728101909160614,3.6350181102752686
data\BraTS2021_slice\test\Ungood\img\01110_60.png,1,0.00818872544914484,0.00818872544914484,0.2713489532470703,3.061530351638794
data\BraTS2021_slice\test\Ungood\img\01110_68.png,1,0.009583880193531513,0.009583880193531513,0.2581842839717865,2.9559695720672607
data\BraTS2021_slice\test\Ungood\img\01110_76.png,1,0.00886334665119648,0.00886334665119648,0.2173006236553192,2.663602352142334
data\BraTS2021_slice\test\Ungood\img\01110_84.png,1,0.009524613618850708,0.009524613618850708,0.21602843701839447,2.6208014488220215
data\BraTS2021_slice\test\Ungood\img\01110_92.png,1,0.007638909853994846,0.007638909853994846,0.22196461260318756,2.7595889568328857
data\BraTS2021_slice\test\Ungood\img\01111_60.png,1,0.016139153391122818,0.016139153391122818,0.22883622348308563,2.8097517490386963
data\BraTS2021_slice\test\Ungood\img\01111_68.png,1,0.013487526215612888,0.013487526215612888,0.2851448953151703,3.33553409576416
data\BraTS2021_slice\test\Ungood\img\01111_76.png,1,0.01222167070955038,0.01222167070955038,0.25725090503692627,3.153519868850708
data\BraTS2021_slice\test\Ungood\img\01111_84.png,1,0.0092387143522501,0.0092387143522501,0.17110604047775269,2.2160933017730713
data\BraTS2021_slice\test\Ungood\img\01111_92.png,1,0.00779340323060751,0.00779340323060751,0.14415328204631805,1.6591286659240723
data\BraTS2021_slice\test\Ungood\img\01113_60.png,1,0.013427734375,0.013427734375,0.3152531087398529,4.150940895080566
data\BraTS2021_slice\test\Ungood\img\01113_68.png,1,0.010520732961595058,0.010520732961595058,0.27224043011665344,3.4710958003997803
data\BraTS2021_slice\test\Ungood\img\01113_76.png,1,0.008576254360377789,0.008576254360377789,0.18573077023029327,2.379786252975464
data\BraTS2021_slice\test\Ungood\img\01113_84.png,1,0.008676443248987198,0.008676443248987198,0.20654156804084778,2.6712422370910645
data\BraTS2021_slice\test\Ungood\img\01113_92.png,1,0.0091479467228055,0.0091479467228055,0.2394264042377472,3.008694887161255
data\BraTS2021_slice\test\Ungood\img\01114_60.png,1,0.013414410874247551,0.013414410874247551,0.2724562883377075,3.3866701126098633
data\BraTS2021_slice\test\Ungood\img\01114_68.png,1,0.012807496823370457,0.012807496823370457,0.2588580548763275,3.2141222953796387
data\BraTS2021_slice\test\Ungood\img\01114_76.png,1,0.008886853232979774,0.008886853232979774,0.24370630085468292,3.126722574234009
data\BraTS2021_slice\test\Ungood\img\01114_84.png,1,0.010329197160899639,0.010329197160899639,0.2962074279785156,3.8611092567443848
data\BraTS2021_slice\test\Ungood\img\01114_92.png,1,0.008983578532934189,0.008983578532934189,0.32116132974624634,4.115609645843506
data\BraTS2021_slice\test\Ungood\img\01120_60.png,1,0.008741461671888828,0.008741461671888828,0.24107234179973602,2.9478349685668945
data\BraTS2021_slice\test\Ungood\img\01120_68.png,1,0.010769895277917385,0.010769895277917385,0.24826762080192566,3.0111629962921143
data\BraTS2021_slice\test\Ungood\img\01120_76.png,1,0.009125113487243652,0.009125113487243652,0.2451462596654892,3.0614821910858154
data\BraTS2021_slice\test\Ungood\img\01120_84.png,1,0.010358009487390518,0.010358009487390518,0.24055293202400208,2.901043653488159
data\BraTS2021_slice\test\Ungood\img\01120_92.png,1,0.011967872269451618,0.011967872269451618,0.25750288367271423,3.2176513671875
data\BraTS2021_slice\test\Ungood\img\01121_60.png,1,0.012027488090097904,0.012027488090097904,0.3797528147697449,4.589633464813232
data\BraTS2021_slice\test\Ungood\img\01121_68.png,1,0.011320334859192371,0.011320334859192371,0.3193959891796112,4.038651466369629
data\BraTS2021_slice\test\Ungood\img\01121_76.png,1,0.011593466624617577,0.011593466624617577,0.352411687374115,4.138872146606445
data\BraTS2021_slice\test\Ungood\img\01121_84.png,1,0.014998264610767365,0.014998264610767365,0.4322982728481293,5.002294540405273
data\BraTS2021_slice\test\Ungood\img\01121_92.png,1,0.013081473298370838,0.013081473298370838,0.38240814208984375,4.7960100173950195
data\BraTS2021_slice\test\Ungood\img\01124_60.png,1,0.010160475037992,0.010160475037992,0.3708418011665344,4.467795372009277
data\BraTS2021_slice\test\Ungood\img\01124_68.png,1,0.008937014266848564,0.008937014266848564,0.31504788994789124,3.9604828357696533
data\BraTS2021_slice\test\Ungood\img\01124_76.png,1,0.013626021333038807,0.013626021333038807,0.38167625665664673,5.122175693511963
data\BraTS2021_slice\test\Ungood\img\01124_84.png,1,0.023036062717437744,0.023036062717437744,0.4171440005302429,5.90129280090332
data\BraTS2021_slice\test\Ungood\img\01124_92.png,1,0.016393819823861122,0.016393819823861122,0.323813796043396,4.611175060272217
data\BraTS2021_slice\test\Ungood\img\01125_60.png,1,0.013636953197419643,0.013636953197419643,0.35422149300575256,4.478611946105957
data\BraTS2021_slice\test\Ungood\img\01125_68.png,1,0.012902549467980862,0.012902549467980862,0.32934504747390747,4.160016059875488
data\BraTS2021_slice\test\Ungood\img\01125_76.png,1,0.01564977504312992,0.01564977504312992,0.3781667649745941,4.423432350158691
data\BraTS2021_slice\test\Ungood\img\01125_84.png,1,0.016299014911055565,0.016299014911055565,0.419232577085495,4.937601089477539
data\BraTS2021_slice\test\Ungood\img\01125_92.png,1,0.013199408538639545,0.013199408538639545,0.3418480455875397,4.75540018081665
data\BraTS2021_slice\test\Ungood\img\01126_60.png,1,0.012410415336489677,0.012410415336489677,0.32024720311164856,3.4392898082733154
data\BraTS2021_slice\test\Ungood\img\01126_68.png,1,0.015248531475663185,0.015248531475663185,0.350109726190567,3.8249993324279785
data\BraTS2021_slice\test\Ungood\img\01126_76.png,1,0.013549255207180977,0.013549255207180977,0.35665658116340637,4.106585502624512
data\BraTS2021_slice\test\Ungood\img\01126_84.png,1,0.01289792824536562,0.01289792824536562,0.36028146743774414,4.435858726501465
data\BraTS2021_slice\test\Ungood\img\01126_92.png,1,0.01352724153548479,0.01352724153548479,0.33702781796455383,4.494998455047607
data\BraTS2021_slice\test\Ungood\img\01130_60.png,1,0.009085836820304394,0.009085836820304394,0.3924870789051056,4.519170761108398
data\BraTS2021_slice\test\Ungood\img\01130_68.png,1,0.01874166913330555,0.01874166913330555,0.43803802132606506,6.333037853240967
data\BraTS2021_slice\test\Ungood\img\01130_76.png,1,0.014449742622673512,0.014449742622673512,0.387731671333313,5.653966903686523
data\BraTS2021_slice\test\Ungood\img\01130_84.png,1,0.01808948628604412,0.01808948628604412,0.4040397107601166,5.9444732666015625
data\BraTS2021_slice\test\Ungood\img\01130_92.png,1,0.009486991912126541,0.009486991912126541,0.32230517268180847,3.810743570327759
data\BraTS2021_slice\test\Ungood\img\01134_60.png,1,0.010959167964756489,0.010959167964756489,0.26173901557922363,3.244795799255371
data\BraTS2021_slice\test\Ungood\img\01134_68.png,1,0.02380339801311493,0.02380339801311493,0.4034862220287323,5.901919841766357
data\BraTS2021_slice\test\Ungood\img\01134_76.png,1,0.02476433292031288,0.02476433292031288,0.45638537406921387,6.8327107429504395
data\BraTS2021_slice\test\Ungood\img\01134_84.png,1,0.022586636245250702,0.022586636245250702,0.45036593079566956,6.690829753875732
data\BraTS2021_slice\test\Ungood\img\01134_92.png,1,0.02444699965417385,0.02444699965417385,0.46539920568466187,6.8162055015563965
data\BraTS2021_slice\test\Ungood\img\01136_60.png,1,0.010498046875,0.010498046875,0.23496365547180176,2.6785387992858887
data\BraTS2021_slice\test\Ungood\img\01136_68.png,1,0.017493149265646935,0.017493149265646935,0.38066795468330383,5.54768705368042
data\BraTS2021_slice\test\Ungood\img\01136_76.png,1,0.016344662755727768,0.016344662755727768,0.4801182746887207,6.097782611846924
data\BraTS2021_slice\test\Ungood\img\01136_84.png,1,0.015748489648103714,0.015748489648103714,0.5015199780464172,5.865427017211914
data\BraTS2021_slice\test\Ungood\img\01136_92.png,1,0.015404093079268932,0.015404093079268932,0.4622039198875427,5.183746814727783
data\BraTS2021_slice\test\Ungood\img\01138_60.png,1,0.007536791730672121,0.007536791730672121,0.2086477130651474,2.3351385593414307
data\BraTS2021_slice\test\Ungood\img\01138_68.png,1,0.008436109870672226,0.008436109870672226,0.22063133120536804,2.354107618331909
data\BraTS2021_slice\test\Ungood\img\01138_76.png,1,0.00891364086419344,0.00891364086419344,0.23861436545848846,2.7377710342407227
data\BraTS2021_slice\test\Ungood\img\01138_84.png,1,0.009902002289891243,0.009902002289891243,0.264657586812973,3.178311824798584
data\BraTS2021_slice\test\Ungood\img\01138_92.png,1,0.010661428794264793,0.010661428794264793,0.25359436869621277,3.3558261394500732
data\BraTS2021_slice\test\Ungood\img\01139_60.png,1,0.008720981888473034,0.008720981888473034,0.20424124598503113,2.2287075519561768
data\BraTS2021_slice\test\Ungood\img\01139_68.png,1,0.008916983380913734,0.008916983380913734,0.20042291283607483,2.1211249828338623
data\BraTS2021_slice\test\Ungood\img\01139_76.png,1,0.008155904710292816,0.008155904710292816,0.20422901213169098,2.2192511558532715
data\BraTS2021_slice\test\Ungood\img\01139_84.png,1,0.007989779114723206,0.007989779114723206,0.2201189547777176,2.321532964706421
data\BraTS2021_slice\test\Ungood\img\01139_92.png,1,0.009309411980211735,0.009309411980211735,0.17662934958934784,2.0350770950317383
data\BraTS2021_slice\test\Ungood\img\01140_60.png,1,0.005236233118921518,0.005236233118921518,0.18857598304748535,2.3315768241882324
data\BraTS2021_slice\test\Ungood\img\01140_68.png,1,0.007250606548041105,0.007250606548041105,0.1429891586303711,1.813637137413025
data\BraTS2021_slice\test\Ungood\img\01140_76.png,1,0.013845163397490978,0.013845163397490978,0.2663973867893219,3.8463785648345947
data\BraTS2021_slice\test\Ungood\img\01140_84.png,1,0.01465657353401184,0.01465657353401184,0.3116634488105774,4.10893440246582
data\BraTS2021_slice\test\Ungood\img\01140_92.png,1,0.01490258052945137,0.01490258052945137,0.338631272315979,4.473720550537109
data\BraTS2021_slice\test\Ungood\img\01141_60.png,1,0.00645011942833662,0.00645011942833662,0.22900892794132233,2.8001718521118164
data\BraTS2021_slice\test\Ungood\img\01141_68.png,1,0.009341370314359665,0.009341370314359665,0.12259942293167114,1.5169322490692139
data\BraTS2021_slice\test\Ungood\img\01141_76.png,1,0.009164220653474331,0.009164220653474331,0.15003904700279236,1.7215291261672974
data\BraTS2021_slice\test\Ungood\img\01141_84.png,1,0.009719740599393845,0.009719740599393845,0.1440391093492508,1.6175873279571533
data\BraTS2021_slice\test\Ungood\img\01141_92.png,1,0.00830078125,0.00830078125,0.17639482021331787,2.112182855606079
data\BraTS2021_slice\test\Ungood\img\01142_60.png,1,0.010591314174234867,0.010591314174234867,0.25576305389404297,2.6181886196136475
data\BraTS2021_slice\test\Ungood\img\01142_68.png,1,0.010756050236523151,0.010756050236523151,0.21796472370624542,2.213137626647949
data\BraTS2021_slice\test\Ungood\img\01142_76.png,1,0.01149277575314045,0.01149277575314045,0.20113667845726013,2.048870801925659
data\BraTS2021_slice\test\Ungood\img\01142_84.png,1,0.010472466237843037,0.010472466237843037,0.23222914338111877,2.5001349449157715
data\BraTS2021_slice\test\Ungood\img\01142_92.png,1,0.010711626149713993,0.010711626149713993,0.2422429919242859,3.0069355964660645
data\BraTS2021_slice\test\Ungood\img\01143_60.png,1,0.011484993621706963,0.011484993621706963,0.29064083099365234,3.4416308403015137
data\BraTS2021_slice\test\Ungood\img\01143_68.png,1,0.014422905631363392,0.014422905631363392,0.3063335120677948,3.947267770767212
data\BraTS2021_slice\test\Ungood\img\01143_76.png,1,0.016708925366401672,0.016708925366401672,0.34545037150382996,4.375852584838867
data\BraTS2021_slice\test\Ungood\img\01143_84.png,1,0.0166302602738142,0.0166302602738142,0.35045287013053894,4.571486473083496
data\BraTS2021_slice\test\Ungood\img\01143_92.png,1,0.014009928330779076,0.014009928330779076,0.27823883295059204,3.2979211807250977
data\BraTS2021_slice\test\Ungood\img\01144_60.png,1,0.01062783133238554,0.01062783133238554,0.16214819252490997,2.0074315071105957
data\BraTS2021_slice\test\Ungood\img\01144_68.png,1,0.011187928728759289,0.011187928728759289,0.15911318361759186,2.037274122238159
data\BraTS2021_slice\test\Ungood\img\01144_76.png,1,0.011967872269451618,0.011967872269451618,0.19886013865470886,2.474830389022827
data\BraTS2021_slice\test\Ungood\img\01144_84.png,1,0.013728433288633823,0.013728433288633823,0.264432817697525,3.192063808441162
data\BraTS2021_slice\test\Ungood\img\01144_92.png,1,0.011338748969137669,0.011338748969137669,0.23319001495838165,3.204799175262451
data\BraTS2021_slice\test\Ungood\img\01145_60.png,1,0.007437278516590595,0.007437278516590595,0.21086010336875916,2.5393106937408447
data\BraTS2021_slice\test\Ungood\img\01145_68.png,1,0.01186282280832529,0.01186282280832529,0.17377430200576782,2.234541654586792
data\BraTS2021_slice\test\Ungood\img\01145_76.png,1,0.013911731541156769,0.013911731541156769,0.19439466297626495,2.455878496170044
data\BraTS2021_slice\test\Ungood\img\01145_84.png,1,0.012971658259630203,0.012971658259630203,0.17611747980117798,2.1409482955932617
data\BraTS2021_slice\test\Ungood\img\01145_92.png,1,0.012976252473890781,0.012976252473890781,0.1648062765598297,1.9805970191955566
data\BraTS2021_slice\test\Ungood\img\01148_60.png,1,0.009985918179154396,0.009985918179154396,0.24994127452373505,2.8419034481048584
data\BraTS2021_slice\test\Ungood\img\01148_68.png,1,0.009167471900582314,0.009167471900582314,0.1907748281955719,2.3188276290893555
data\BraTS2021_slice\test\Ungood\img\01148_76.png,1,0.010767127387225628,0.010767127387225628,0.17178098857402802,2.1481146812438965
data\BraTS2021_slice\test\Ungood\img\01148_84.png,1,0.01164732500910759,0.01164732500910759,0.21860665082931519,2.8109586238861084
data\BraTS2021_slice\test\Ungood\img\01148_92.png,1,0.010423975996673107,0.010423975996673107,0.26295605301856995,3.0432217121124268
data\BraTS2021_slice\test\Ungood\img\01151_60.png,1,0.007188687566667795,0.007188687566667795,0.21365225315093994,2.6504368782043457
data\BraTS2021_slice\test\Ungood\img\01151_68.png,1,0.00682284589856863,0.00682284589856863,0.15037572383880615,1.8966363668441772
data\BraTS2021_slice\test\Ungood\img\01151_76.png,1,0.006454738322645426,0.006454738322645426,0.1165383830666542,1.4401051998138428
data\BraTS2021_slice\test\Ungood\img\01151_84.png,1,0.006609856616705656,0.006609856616705656,0.11637816578149796,1.3323569297790527
data\BraTS2021_slice\test\Ungood\img\01151_92.png,1,0.005869538523256779,0.005869538523256779,0.12753652036190033,1.5561732053756714
data\BraTS2021_slice\test\Ungood\img\01153_60.png,1,0.010095738805830479,0.010095738805830479,0.3266453146934509,3.7420051097869873
data\BraTS2021_slice\test\Ungood\img\01153_68.png,1,0.01038961112499237,0.01038961112499237,0.3173981308937073,3.360276460647583
data\BraTS2021_slice\test\Ungood\img\01153_76.png,1,0.011629399843513966,0.011629399843513966,0.34014496207237244,3.438873052597046
data\BraTS2021_slice\test\Ungood\img\01153_84.png,1,0.012522771954536438,0.012522771954536438,0.3669319748878479,3.8068935871124268
data\BraTS2021_slice\test\Ungood\img\01153_92.png,1,0.01082234364002943,0.01082234364002943,0.2981135845184326,3.3325014114379883
data\BraTS2021_slice\test\Ungood\img\01155_60.png,1,0.006814104504883289,0.006814104504883289,0.2930529713630676,3.4668633937835693
data\BraTS2021_slice\test\Ungood\img\01155_68.png,1,0.01198031660169363,0.01198031660169363,0.35469770431518555,4.003474235534668
data\BraTS2021_slice\test\Ungood\img\01155_76.png,1,0.011789742857217789,0.011789742857217789,0.38015154004096985,4.462485313415527
data\BraTS2021_slice\test\Ungood\img\01155_84.png,1,0.011235774494707584,0.011235774494707584,0.3399566113948822,3.750612497329712
data\BraTS2021_slice\test\Ungood\img\01155_92.png,1,0.010772662237286568,0.010772662237286568,0.2792835831642151,3.2173104286193848
data\BraTS2021_slice\test\Ungood\img\01156_60.png,1,0.0076583921909332275,0.0076583921909332275,0.28288978338241577,3.198240280151367
data\BraTS2021_slice\test\Ungood\img\01156_68.png,1,0.008264800533652306,0.008264800533652306,0.25391125679016113,2.933453321456909
data\BraTS2021_slice\test\Ungood\img\01156_76.png,1,0.008199636824429035,0.008199636824429035,0.2157960832118988,2.1679115295410156
data\BraTS2021_slice\test\Ungood\img\01156_84.png,1,0.006999643985182047,0.006999643985182047,0.20646552741527557,2.0639357566833496
data\BraTS2021_slice\test\Ungood\img\01156_92.png,1,0.008648920804262161,0.008648920804262161,0.22247138619422913,2.2335736751556396
data\BraTS2021_slice\test\Ungood\img\01157_60.png,1,0.008429041132330894,0.008429041132330894,0.34099188446998596,4.2301506996154785
data\BraTS2021_slice\test\Ungood\img\01157_68.png,1,0.0076193781569600105,0.0076193781569600105,0.3862462043762207,4.376253128051758
data\BraTS2021_slice\test\Ungood\img\01157_76.png,1,0.008876786567270756,0.008876786567270756,0.37105825543403625,4.148013114929199
data\BraTS2021_slice\test\Ungood\img\01157_84.png,1,0.0074852099642157555,0.0074852099642157555,0.33057937026023865,3.771904706954956
data\BraTS2021_slice\test\Ungood\img\01157_92.png,1,0.008225039578974247,0.008225039578974247,0.3621017336845398,4.1334757804870605
data\BraTS2021_slice\test\Ungood\img\01158_60.png,1,0.006809729151427746,0.006809729151427746,0.31792691349983215,3.5759670734405518
data\BraTS2021_slice\test\Ungood\img\01158_68.png,1,0.008562343195080757,0.008562343195080757,0.36379188299179077,3.6329281330108643
data\BraTS2021_slice\test\Ungood\img\01158_76.png,1,0.011614013463258743,0.011614013463258743,0.4625190794467926,3.832261323928833
data\BraTS2021_slice\test\Ungood\img\01158_84.png,1,0.011150573380291462,0.011150573380291462,0.4962906837463379,3.856975793838501
data\BraTS2021_slice\test\Ungood\img\01158_92.png,1,0.012241163291037083,0.012241163291037083,0.43883824348449707,3.836923360824585
data\BraTS2021_slice\test\Ungood\img\01160_60.png,1,0.009796095080673695,0.009796095080673695,0.2919451594352722,3.595872402191162
data\BraTS2021_slice\test\Ungood\img\01160_68.png,1,0.009970985352993011,0.009970985352993011,0.29782435297966003,3.2755086421966553
data\BraTS2021_slice\test\Ungood\img\01160_76.png,1,0.011222505010664463,0.011222505010664463,0.3108970820903778,3.279611587524414
data\BraTS2021_slice\test\Ungood\img\01160_84.png,1,0.01030608918517828,0.01030608918517828,0.3033868074417114,3.2135732173919678
data\BraTS2021_slice\test\Ungood\img\01160_92.png,1,0.009066134691238403,0.009066134691238403,0.29387012124061584,3.128931760787964
data\BraTS2021_slice\test\Ungood\img\01163_60.png,1,0.009886941872537136,0.009886941872537136,0.31370410323143005,3.811507225036621
data\BraTS2021_slice\test\Ungood\img\01163_68.png,1,0.010896442458033562,0.010896442458033562,0.297525018453598,3.5700643062591553
data\BraTS2021_slice\test\Ungood\img\01163_76.png,1,0.011575458571314812,0.011575458571314812,0.3143139183521271,4.363043785095215
data\BraTS2021_slice\test\Ungood\img\01163_84.png,1,0.009793052449822426,0.009793052449822426,0.2330390065908432,3.0819718837738037
data\BraTS2021_slice\test\Ungood\img\01163_92.png,1,0.008707301691174507,0.008707301691174507,0.1980573832988739,2.4793715476989746
data\BraTS2021_slice\test\Ungood\img\01167_60.png,1,0.007372885011136532,0.007372885011136532,0.3036280572414398,3.4545488357543945
data\BraTS2021_slice\test\Ungood\img\01167_68.png,1,0.005894871428608894,0.005894871428608894,0.16929368674755096,2.0681047439575195
data\BraTS2021_slice\test\Ungood\img\01167_76.png,1,0.0046258047223091125,0.0046258047223091125,0.14042794704437256,1.648004174232483
data\BraTS2021_slice\test\Ungood\img\01167_84.png,1,0.006436243187636137,0.006436243187636137,0.1457720696926117,1.7090847492218018
data\BraTS2021_slice\test\Ungood\img\01167_92.png,1,0.0064731803722679615,0.0064731803722679615,0.12685421109199524,1.5023117065429688
data\BraTS2021_slice\test\Ungood\img\01168_60.png,1,0.012321243062615395,0.012321243062615395,0.43984583020210266,3.3796329498291016
data\BraTS2021_slice\test\Ungood\img\01168_68.png,1,0.010664223693311214,0.010664223693311214,0.3590935468673706,3.0581483840942383
data\BraTS2021_slice\test\Ungood\img\01168_76.png,1,0.011118454858660698,0.011118454858660698,0.3273627460002899,3.068899154663086
data\BraTS2021_slice\test\Ungood\img\01168_84.png,1,0.010291620157659054,0.010291620157659054,0.292239248752594,3.1395020484924316
data\BraTS2021_slice\test\Ungood\img\01168_92.png,1,0.009965005330741405,0.009965005330741405,0.2762952148914337,3.2080557346343994
data\BraTS2021_slice\test\Ungood\img\01169_60.png,1,0.008761893957853317,0.008761893957853317,0.24038293957710266,2.6992733478546143
data\BraTS2021_slice\test\Ungood\img\01169_68.png,1,0.007457287050783634,0.007457287050783634,0.20791955292224884,2.4604127407073975
data\BraTS2021_slice\test\Ungood\img\01169_76.png,1,0.006257815286517143,0.006257815286517143,0.15630127489566803,1.9930311441421509
data\BraTS2021_slice\test\Ungood\img\01169_84.png,1,0.007623288780450821,0.007623288780450821,0.13954970240592957,1.8424113988876343
data\BraTS2021_slice\test\Ungood\img\01169_92.png,1,0.006171496585011482,0.006171496585011482,0.15614783763885498,1.9736014604568481
data\BraTS2021_slice\test\Ungood\img\01170_60.png,1,0.007827743887901306,0.007827743887901306,0.1948692947626114,2.3920810222625732
data\BraTS2021_slice\test\Ungood\img\01170_68.png,1,0.006491570267826319,0.006491570267826319,0.14609800279140472,1.8435258865356445
data\BraTS2021_slice\test\Ungood\img\01170_76.png,1,0.005224837455898523,0.005224837455898523,0.12952229380607605,1.618203043937683
data\BraTS2021_slice\test\Ungood\img\01170_84.png,1,0.005080237518996,0.005080237518996,0.12959446012973785,1.5455466508865356
data\BraTS2021_slice\test\Ungood\img\01170_92.png,1,0.005678566172719002,0.005678566172719002,0.14459262788295746,1.7172750234603882
data\BraTS2021_slice\test\Ungood\img\01171_60.png,1,0.006726063322275877,0.006726063322275877,0.1414909064769745,1.7119863033294678
data\BraTS2021_slice\test\Ungood\img\01171_68.png,1,0.005899924784898758,0.005899924784898758,0.1464824378490448,1.7763137817382812
data\BraTS2021_slice\test\Ungood\img\01171_76.png,1,0.006024884060025215,0.006024884060025215,0.18755032122135162,2.3778090476989746
data\BraTS2021_slice\test\Ungood\img\01171_84.png,1,0.005955229979008436,0.005955229979008436,0.1494329571723938,1.7550235986709595
data\BraTS2021_slice\test\Ungood\img\01171_92.png,1,0.007524919230490923,0.007524919230490923,0.16323821246623993,2.19769287109375
data\BraTS2021_slice\test\Ungood\img\01172_60.png,1,0.007271129172295332,0.007271129172295332,0.16828638315200806,2.1815762519836426
data\BraTS2021_slice\test\Ungood\img\01172_68.png,1,0.0075997961685061455,0.0075997961685061455,0.1669430136680603,1.9753421545028687
data\BraTS2021_slice\test\Ungood\img\01172_76.png,1,0.005960232112556696,0.005960232112556696,0.21267594397068024,2.6939244270324707
data\BraTS2021_slice\test\Ungood\img\01172_84.png,1,0.007075867615640163,0.007075867615640163,0.17054620385169983,2.1454930305480957
data\BraTS2021_slice\test\Ungood\img\01172_92.png,1,0.006730492692440748,0.006730492692440748,0.13148336112499237,1.6293976306915283
data\BraTS2021_slice\test\Ungood\img\01175_60.png,1,0.007724263705313206,0.007724263705313206,0.2414923757314682,2.7463016510009766
data\BraTS2021_slice\test\Ungood\img\01175_68.png,1,0.00537109375,0.00537109375,0.2385433316230774,2.879028797149658
data\BraTS2021_slice\test\Ungood\img\01175_76.png,1,0.005772260949015617,0.005772260949015617,0.21206215023994446,2.6980888843536377
data\BraTS2021_slice\test\Ungood\img\01175_84.png,1,0.006291063968092203,0.006291063968092203,0.17995001375675201,2.253622531890869
data\BraTS2021_slice\test\Ungood\img\01175_92.png,1,0.006668212823569775,0.006668212823569775,0.16242079436779022,1.924936294555664
data\BraTS2021_slice\test\Ungood\img\01179_60.png,1,0.005524271633476019,0.005524271633476019,0.20044387876987457,2.6192080974578857
data\BraTS2021_slice\test\Ungood\img\01179_68.png,1,0.005448221229016781,0.005448221229016781,0.12936125695705414,1.5628238916397095
data\BraTS2021_slice\test\Ungood\img\01179_76.png,1,0.005213417112827301,0.005213417112827301,0.12426768243312836,1.5026893615722656
data\BraTS2021_slice\test\Ungood\img\01179_84.png,1,0.006677145604044199,0.006677145604044199,0.12667272984981537,1.4667472839355469
data\BraTS2021_slice\test\Ungood\img\01179_92.png,1,0.00565753411501646,0.00565753411501646,0.1463375985622406,1.8314464092254639
data\BraTS2021_slice\test\Ungood\img\01180_60.png,1,0.010563138872385025,0.010563138872385025,0.26457709074020386,3.089266300201416
data\BraTS2021_slice\test\Ungood\img\01180_68.png,1,0.008196000941097736,0.008196000941097736,0.17368890345096588,2.27126145362854
data\BraTS2021_slice\test\Ungood\img\01180_76.png,1,0.007978581823408604,0.007978581823408604,0.1905106157064438,2.4946398735046387
data\BraTS2021_slice\test\Ungood\img\01180_84.png,1,0.006991123780608177,0.006991123780608177,0.21174293756484985,2.8077661991119385
data\BraTS2021_slice\test\Ungood\img\01180_92.png,1,0.0065099080093204975,0.0065099080093204975,0.14126653969287872,1.6994704008102417
data\BraTS2021_slice\test\Ungood\img\01182_60.png,1,0.00794864259660244,0.00794864259660244,0.20615844428539276,2.6797730922698975
data\BraTS2021_slice\test\Ungood\img\01182_68.png,1,0.006281582172960043,0.006281582172960043,0.16089549660682678,1.9828987121582031
data\BraTS2021_slice\test\Ungood\img\01182_76.png,1,0.005720397923141718,0.005720397923141718,0.13028974831104279,1.5910295248031616
data\BraTS2021_slice\test\Ungood\img\01182_84.png,1,0.005359984934329987,0.005359984934329987,0.15233123302459717,1.964424729347229
data\BraTS2021_slice\test\Ungood\img\01182_92.png,1,0.00645935395732522,0.00645935395732522,0.17779982089996338,2.276214361190796
data\BraTS2021_slice\test\Ungood\img\01185_60.png,1,0.007196974009275436,0.007196974009275436,0.18194088339805603,2.253431558609009
data\BraTS2021_slice\test\Ungood\img\01185_68.png,1,0.005475503392517567,0.005475503392517567,0.14473800361156464,1.7900100946426392
data\BraTS2021_slice\test\Ungood\img\01185_76.png,1,0.004919297061860561,0.004919297061860561,0.17062732577323914,2.1566622257232666
data\BraTS2021_slice\test\Ungood\img\01185_84.png,1,0.005173247307538986,0.005173247307538986,0.1573794037103653,2.006793975830078
data\BraTS2021_slice\test\Ungood\img\01185_92.png,1,0.00610839668661356,0.00610839668661356,0.13343405723571777,1.5868096351623535
data\BraTS2021_slice\test\Ungood\img\01188_60.png,1,0.007445288356393576,0.007445288356393576,0.22806629538536072,2.809520721435547
data\BraTS2021_slice\test\Ungood\img\01188_68.png,1,0.006591796875,0.006591796875,0.1842764914035797,2.492884635925293
data\BraTS2021_slice\test\Ungood\img\01188_76.png,1,0.006546429358422756,0.006546429358422756,0.15570810437202454,2.0558969974517822
data\BraTS2021_slice\test\Ungood\img\01188_84.png,1,0.006800970993936062,0.006800970993936062,0.14324985444545746,1.8334141969680786
data\BraTS2021_slice\test\Ungood\img\01188_92.png,1,0.007497144863009453,0.007497144863009453,0.14850230515003204,1.9592787027359009
data\BraTS2021_slice\test\Ungood\img\01189_60.png,1,0.007770425174385309,0.007770425174385309,0.16986319422721863,2.254037618637085
data\BraTS2021_slice\test\Ungood\img\01189_68.png,1,0.0067878118716180325,0.0067878118716180325,0.12457682192325592,1.580201268196106
data\BraTS2021_slice\test\Ungood\img\01189_76.png,1,0.006426976062357426,0.006426976062357426,0.1460239440202713,1.8803646564483643
data\BraTS2021_slice\test\Ungood\img\01189_84.png,1,0.006357039324939251,0.006357039324939251,0.16388288140296936,2.126378059387207
data\BraTS2021_slice\test\Ungood\img\01189_92.png,1,0.006532758008688688,0.006532758008688688,0.22477570176124573,3.072709321975708
data\BraTS2021_slice\test\Ungood\img\01190_60.png,1,0.007267029490321875,0.007267029490321875,0.22715426981449127,3.0940816402435303
data\BraTS2021_slice\test\Ungood\img\01190_68.png,1,0.007611551322042942,0.007611551322042942,0.20965835452079773,2.6596128940582275
data\BraTS2021_slice\test\Ungood\img\01190_76.png,1,0.007731976453214884,0.007731976453214884,0.1787828654050827,2.0548832416534424
data\BraTS2021_slice\test\Ungood\img\01190_84.png,1,0.0069740512408316135,0.0069740512408316135,0.18102075159549713,2.137594699859619
data\BraTS2021_slice\test\Ungood\img\01190_92.png,1,0.0057567511685192585,0.0057567511685192585,0.1265328973531723,1.4148181676864624
data\BraTS2021_slice\test\Ungood\img\01194_60.png,1,0.02760409004986286,0.02760409004986286,0.5517440438270569,7.686391830444336
data\BraTS2021_slice\test\Ungood\img\01194_68.png,1,0.028531046584248543,0.028531046584248543,0.5734859704971313,7.686976432800293
data\BraTS2021_slice\test\Ungood\img\01194_76.png,1,0.031327150762081146,0.031327150762081146,0.5454068779945374,7.5590949058532715
data\BraTS2021_slice\test\Ungood\img\01194_84.png,1,0.029721049591898918,0.029721049591898918,0.5212021470069885,6.945321559906006
data\BraTS2021_slice\test\Ungood\img\01194_92.png,1,0.014197989366948605,0.014197989366948605,0.25898727774620056,3.4098727703094482
data\BraTS2021_slice\test\Ungood\img\01195_60.png,1,0.011580606922507286,0.011580606922507286,0.27172040939331055,3.0074234008789062
data\BraTS2021_slice\test\Ungood\img\01195_68.png,1,0.012434406206011772,0.012434406206011772,0.2979208827018738,3.2517168521881104
data\BraTS2021_slice\test\Ungood\img\01195_76.png,1,0.013849467039108276,0.013849467039108276,0.34896716475486755,4.007467746734619
data\BraTS2021_slice\test\Ungood\img\01195_84.png,1,0.014022685587406158,0.014022685587406158,0.3061665892601013,3.787196159362793
data\BraTS2021_slice\test\Ungood\img\01195_92.png,1,0.010580052621662617,0.010580052621662617,0.24737250804901123,2.994074821472168
data\BraTS2021_slice\test\Ungood\img\01197_60.png,1,0.008152250200510025,0.008152250200510025,0.245107039809227,2.887446403503418
data\BraTS2021_slice\test\Ungood\img\01197_68.png,1,0.012330913916230202,0.012330913916230202,0.2695012390613556,3.6275851726531982
data\BraTS2021_slice\test\Ungood\img\01197_76.png,1,0.013941691257059574,0.013941691257059574,0.3041648864746094,3.9372565746307373
data\BraTS2021_slice\test\Ungood\img\01197_84.png,1,0.017440255731344223,0.017440255731344223,0.3667183518409729,4.836184501647949
data\BraTS2021_slice\test\Ungood\img\01197_92.png,1,0.015784403309226036,0.015784403309226036,0.36678510904312134,4.725653171539307
data\BraTS2021_slice\test\Ungood\img\01198_60.png,1,0.008778884075582027,0.008778884075582027,0.23174330592155457,2.827765703201294
data\BraTS2021_slice\test\Ungood\img\01198_68.png,1,0.008662693202495575,0.008662693202495575,0.17987026274204254,2.176514148712158
data\BraTS2021_slice\test\Ungood\img\01198_76.png,1,0.009121846407651901,0.009121846407651901,0.14447496831417084,1.7376768589019775
data\BraTS2021_slice\test\Ungood\img\01198_84.png,1,0.007151278667151928,0.007151278667151928,0.25831669569015503,3.032120943069458
data\BraTS2021_slice\test\Ungood\img\01198_92.png,1,0.007689460646361113,0.007689460646361113,0.15479600429534912,1.7520594596862793
data\BraTS2021_slice\test\Ungood\img\01199_60.png,1,0.012826099060475826,0.012826099060475826,0.272469162940979,3.2653422355651855
data\BraTS2021_slice\test\Ungood\img\01199_68.png,1,0.010803050361573696,0.010803050361573696,0.24454374611377716,2.872670888900757
data\BraTS2021_slice\test\Ungood\img\01199_76.png,1,0.011005300097167492,0.011005300097167492,0.23344609141349792,2.7825658321380615
data\BraTS2021_slice\test\Ungood\img\01199_84.png,1,0.011227814480662346,0.011227814480662346,0.241935133934021,3.0342326164245605
data\BraTS2021_slice\test\Ungood\img\01199_92.png,1,0.012934845872223377,0.012934845872223377,0.3175515830516815,4.119988918304443
data\BraTS2021_slice\test\Ungood\img\01200_60.png,1,0.008933679200708866,0.008933679200708866,0.3073871433734894,3.135861873626709
data\BraTS2021_slice\test\Ungood\img\01200_68.png,1,0.011401655152440071,0.011401655152440071,0.2835260033607483,3.4757161140441895
data\BraTS2021_slice\test\Ungood\img\01200_76.png,1,0.011657554656267166,0.011657554656267166,0.24163909256458282,3.052752733230591
data\BraTS2021_slice\test\Ungood\img\01200_84.png,1,0.012833068147301674,0.012833068147301674,0.26573386788368225,3.259876012802124
data\BraTS2021_slice\test\Ungood\img\01200_92.png,1,0.011547103524208069,0.011547103524208069,0.23947304487228394,2.9219069480895996
data\BraTS2021_slice\test\Ungood\img\01202_60.png,1,0.008822905831038952,0.008822905831038952,0.24061478674411774,2.7075915336608887
data\BraTS2021_slice\test\Ungood\img\01202_68.png,1,0.011048543266952038,0.011048543266952038,0.28872138261795044,2.8093607425689697
data\BraTS2021_slice\test\Ungood\img\01202_76.png,1,0.012010131031274796,0.012010131031274796,0.28561657667160034,2.758113384246826
data\BraTS2021_slice\test\Ungood\img\01202_84.png,1,0.014743749052286148,0.014743749052286148,0.35620251297950745,3.7174594402313232
data\BraTS2021_slice\test\Ungood\img\01202_92.png,1,0.01670178771018982,0.01670178771018982,0.41294437646865845,4.8235626220703125
data\BraTS2021_slice\test\Ungood\img\01204_60.png,1,0.006426976062357426,0.006426976062357426,0.24511347711086273,2.841636896133423
data\BraTS2021_slice\test\Ungood\img\01204_68.png,1,0.00732828676700592,0.00732828676700592,0.14938212931156158,1.821628212928772
data\BraTS2021_slice\test\Ungood\img\01204_76.png,1,0.005662799347192049,0.005662799347192049,0.14778085052967072,1.6764233112335205
data\BraTS2021_slice\test\Ungood\img\01204_84.png,1,0.00560992443934083,0.00560992443934083,0.1416407823562622,1.6211743354797363
data\BraTS2021_slice\test\Ungood\img\01204_92.png,1,0.007221776992082596,0.007221776992082596,0.1281730979681015,1.5391227006912231
data\BraTS2021_slice\test\Ungood\img\01206_60.png,1,0.0076350076124072075,0.0076350076124072075,0.21270520985126495,2.480081796646118
data\BraTS2021_slice\test\Ungood\img\01206_68.png,1,0.012565536424517632,0.012565536424517632,0.33260205388069153,4.546275615692139
data\BraTS2021_slice\test\Ungood\img\01206_76.png,1,0.015113073401153088,0.015113073401153088,0.3958166837692261,4.894538879394531
data\BraTS2021_slice\test\Ungood\img\01206_84.png,1,0.0181355569511652,0.0181355569511652,0.40800225734710693,4.672454357147217
data\BraTS2021_slice\test\Ungood\img\01206_92.png,1,0.017352886497974396,0.017352886497974396,0.3854132294654846,4.604465961456299
data\BraTS2021_slice\test\Ungood\img\01209_60.png,1,0.011766970157623291,0.011766970157623291,0.32742586731910706,4.000787734985352
data\BraTS2021_slice\test\Ungood\img\01209_68.png,1,0.016078101471066475,0.016078101471066475,0.35385921597480774,4.07540225982666
data\BraTS2021_slice\test\Ungood\img\01209_76.png,1,0.013778272084891796,0.013778272084891796,0.3009960651397705,3.866461992263794
data\BraTS2021_slice\test\Ungood\img\01209_84.png,1,0.011693291366100311,0.011693291366100311,0.2976280450820923,3.9235999584198
data\BraTS2021_slice\test\Ungood\img\01209_92.png,1,0.015938475728034973,0.015938475728034973,0.4567604660987854,5.6624836921691895
data\BraTS2021_slice\test\Ungood\img\01211_60.png,1,0.011118454858660698,0.011118454858660698,0.3360207974910736,4.38765811920166
data\BraTS2021_slice\test\Ungood\img\01211_68.png,1,0.013935276307165623,0.013935276307165623,0.41396230459213257,5.467733383178711
data\BraTS2021_slice\test\Ungood\img\01211_76.png,1,0.013438827358186245,0.013438827358186245,0.3940090537071228,5.083390235900879
data\BraTS2021_slice\test\Ungood\img\01211_84.png,1,0.01070049125701189,0.01070049125701189,0.3625830411911011,4.290794849395752
data\BraTS2021_slice\test\Ungood\img\01211_92.png,1,0.010664223693311214,0.010664223693311214,0.3191523849964142,3.7873334884643555
data\BraTS2021_slice\test\Ungood\img\01213_60.png,1,0.008221414871513844,0.008221414871513844,0.2943657338619232,3.441702127456665
data\BraTS2021_slice\test\Ungood\img\01213_68.png,1,0.00684465141966939,0.00684465141966939,0.21012410521507263,2.5287671089172363
data\BraTS2021_slice\test\Ungood\img\01213_76.png,1,0.010216052643954754,0.010216052643954754,0.29482796788215637,3.711838960647583
data\BraTS2021_slice\test\Ungood\img\01213_84.png,1,0.009707468561828136,0.009707468561828136,0.3282346725463867,4.243592262268066
data\BraTS2021_slice\test\Ungood\img\01213_92.png,1,0.007869512774050236,0.007869512774050236,0.28543272614479065,3.8308587074279785
data\BraTS2021_slice\test\Ungood\img\01215_60.png,1,0.011857797391712666,0.011857797391712666,0.2661885619163513,3.1694412231445312
data\BraTS2021_slice\test\Ungood\img\01215_68.png,1,0.013129227794706821,0.013129227794706821,0.29102057218551636,3.5387954711914062
data\BraTS2021_slice\test\Ungood\img\01215_76.png,1,0.01327819749712944,0.01327819749712944,0.37936288118362427,4.394811153411865
data\BraTS2021_slice\test\Ungood\img\01215_84.png,1,0.014385663904249668,0.014385663904249668,0.35006004571914673,3.9471793174743652
data\BraTS2021_slice\test\Ungood\img\01215_92.png,1,0.017235705628991127,0.017235705628991127,0.3139294981956482,3.924142837524414
data\BraTS2021_slice\test\Ungood\img\01216_60.png,1,0.006413049530237913,0.006413049530237913,0.11224885284900665,1.3927422761917114
data\BraTS2021_slice\test\Ungood\img\01216_68.png,1,0.007536791730672121,0.007536791730672121,0.10579298436641693,1.2535874843597412
data\BraTS2021_slice\test\Ungood\img\01216_76.png,1,0.01164732500910759,0.01164732500910759,0.19666531682014465,2.7341036796569824
data\BraTS2021_slice\test\Ungood\img\01216_84.png,1,0.015340114943683147,0.015340114943683147,0.29805922508239746,3.7201039791107178
data\BraTS2021_slice\test\Ungood\img\01216_92.png,1,0.017242619767785072,0.017242619767785072,0.36467963457107544,4.5806355476379395
data\BraTS2021_slice\test\Ungood\img\01217_60.png,1,0.013634767383337021,0.013634767383337021,0.2989470958709717,3.4673237800598145
data\BraTS2021_slice\test\Ungood\img\01217_68.png,1,0.015305105596780777,0.015305105596780777,0.34623321890830994,3.6189358234405518
data\BraTS2021_slice\test\Ungood\img\01217_76.png,1,0.015448527410626411,0.015448527410626411,0.4232044219970703,4.486256122589111
data\BraTS2021_slice\test\Ungood\img\01217_84.png,1,0.013663153164088726,0.013663153164088726,0.36487120389938354,4.03680419921875
data\BraTS2021_slice\test\Ungood\img\01217_92.png,1,0.013952375389635563,0.013952375389635563,0.4191795885562897,4.877631187438965
data\BraTS2021_slice\test\Ungood\img\01218_60.png,1,0.00751302856951952,0.00751302856951952,0.26066040992736816,2.94279408454895
data\BraTS2021_slice\test\Ungood\img\01218_68.png,1,0.0076506054028868675,0.0076506054028868675,0.21025924384593964,2.459610939025879
data\BraTS2021_slice\test\Ungood\img\01218_76.png,1,0.008927004411816597,0.008927004411816597,0.2300523966550827,2.758894681930542
data\BraTS2021_slice\test\Ungood\img\01218_84.png,1,0.010661428794264793,0.010661428794264793,0.24696944653987885,3.234086275100708
data\BraTS2021_slice\test\Ungood\img\01218_92.png,1,0.006926885340362787,0.006926885340362787,0.17701463401317596,2.0665645599365234
data\BraTS2021_slice\test\Ungood\img\01220_60.png,1,0.0067746276035904884,0.0067746276035904884,0.22248917818069458,2.558420181274414
data\BraTS2021_slice\test\Ungood\img\01220_68.png,1,0.0153827965259552,0.0153827965259552,0.3606906831264496,5.224617958068848
data\BraTS2021_slice\test\Ungood\img\01220_76.png,1,0.016430137678980827,0.016430137678980827,0.36477866768836975,5.5160441398620605
data\BraTS2021_slice\test\Ungood\img\01220_84.png,1,0.017467575147747993,0.017467575147747993,0.3604888916015625,5.537055492401123
data\BraTS2021_slice\test\Ungood\img\01220_92.png,1,0.009423954412341118,0.009423954412341118,0.26954326033592224,3.414639472961426
data\BraTS2021_slice\test\Ungood\img\01223_60.png,1,0.007827743887901306,0.007827743887901306,0.19495880603790283,2.2188901901245117
data\BraTS2021_slice\test\Ungood\img\01223_68.png,1,0.0087924525141716,0.0087924525141716,0.24924065172672272,2.923333168029785
data\BraTS2021_slice\test\Ungood\img\01223_76.png,1,0.007937386631965637,0.007937386631965637,0.24034084379673004,2.9910213947296143
data\BraTS2021_slice\test\Ungood\img\01223_84.png,1,0.011746691539883614,0.011746691539883614,0.33034875988960266,4.495840549468994
data\BraTS2021_slice\test\Ungood\img\01223_92.png,1,0.012760872952640057,0.012760872952640057,0.29621025919914246,4.219540119171143
data\BraTS2021_slice\test\Ungood\img\01225_60.png,1,0.008311545476317406,0.008311545476317406,0.21518681943416595,2.473452568054199
data\BraTS2021_slice\test\Ungood\img\01225_68.png,1,0.007352646440267563,0.007352646440267563,0.15657171607017517,1.8075655698776245
data\BraTS2021_slice\test\Ungood\img\01225_76.png,1,0.016275227069854736,0.016275227069854736,0.3449060618877411,3.994232177734375
data\BraTS2021_slice\test\Ungood\img\01225_84.png,1,0.018282856792211533,0.018282856792211533,0.3763295114040375,4.131898880004883
data\BraTS2021_slice\test\Ungood\img\01225_92.png,1,0.01801685057580471,0.01801685057580471,0.37872058153152466,4.188564777374268
data\BraTS2021_slice\test\Ungood\img\01226_60.png,1,0.007246495224535465,0.007246495224535465,0.19404004514217377,2.3086318969726562
data\BraTS2021_slice\test\Ungood\img\01226_68.png,1,0.0072176493704319,0.0072176493704319,0.1517179310321808,1.649593472480774
data\BraTS2021_slice\test\Ungood\img\01226_76.png,1,0.009611826390028,0.009611826390028,0.2353437840938568,3.2077860832214355
data\BraTS2021_slice\test\Ungood\img\01226_84.png,1,0.012812149710953236,0.012812149710953236,0.24923986196517944,3.108806848526001
data\BraTS2021_slice\test\Ungood\img\01226_92.png,1,0.013436608947813511,0.013436608947813511,0.3229227066040039,4.205414772033691
data\BraTS2021_slice\test\Ungood\img\01228_60.png,1,0.017763642594218254,0.017763642594218254,0.4381934404373169,4.958676815032959
data\BraTS2021_slice\test\Ungood\img\01228_68.png,1,0.01395664643496275,0.01395664643496275,0.4179658591747284,4.767042636871338
data\BraTS2021_slice\test\Ungood\img\01228_76.png,1,0.015916021540760994,0.015916021540760994,0.3958713412284851,4.400147438049316
data\BraTS2021_slice\test\Ungood\img\01228_84.png,1,0.01584658771753311,0.01584658771753311,0.3881648778915405,4.337775707244873
data\BraTS2021_slice\test\Ungood\img\01228_92.png,1,0.01872098632156849,0.01872098632156849,0.42651697993278503,4.595268249511719
data\BraTS2021_slice\test\Ungood\img\01229_60.png,1,0.01351842563599348,0.01351842563599348,0.305250883102417,3.8918867111206055
data\BraTS2021_slice\test\Ungood\img\01229_68.png,1,0.014658606611192226,0.014658606611192226,0.2982088625431061,3.5358798503875732
data\BraTS2021_slice\test\Ungood\img\01229_76.png,1,0.013197150081396103,0.013197150081396103,0.2772000730037689,3.376683235168457
data\BraTS2021_slice\test\Ungood\img\01229_84.png,1,0.010498046875,0.010498046875,0.20091694593429565,2.5152783393859863
data\BraTS2021_slice\test\Ungood\img\01229_92.png,1,0.009633505716919899,0.009633505716919899,0.18369407951831818,2.254032850265503
data\BraTS2021_slice\test\Ungood\img\01231_60.png,1,0.009196683764457703,0.009196683764457703,0.2992762625217438,3.6256930828094482
data\BraTS2021_slice\test\Ungood\img\01231_68.png,1,0.011187928728759289,0.011187928728759289,0.26905298233032227,3.6320340633392334
data\BraTS2021_slice\test\Ungood\img\01231_76.png,1,0.010083924047648907,0.010083924047648907,0.2878706455230713,3.9137256145477295
data\BraTS2021_slice\test\Ungood\img\01231_84.png,1,0.011091617867350578,0.011091617867350578,0.3192194700241089,4.322188377380371
data\BraTS2021_slice\test\Ungood\img\01231_92.png,1,0.011917964555323124,0.011917964555323124,0.3850611746311188,5.11815071105957
data\BraTS2021_slice\test\Ungood\img\01232_60.png,1,0.006156992167234421,0.006156992167234421,0.1966821551322937,2.165844440460205
data\BraTS2021_slice\test\Ungood\img\01232_68.png,1,0.007689460646361113,0.007689460646361113,0.21547219157218933,2.451249599456787
data\BraTS2021_slice\test\Ungood\img\01232_76.png,1,0.007888425141572952,0.007888425141572952,0.23231646418571472,2.682581663131714
data\BraTS2021_slice\test\Ungood\img\01232_84.png,1,0.008520472794771194,0.008520472794771194,0.20622730255126953,2.304558038711548
data\BraTS2021_slice\test\Ungood\img\01232_92.png,1,0.008199636824429035,0.008199636824429035,0.18056996166706085,1.9034274816513062
data\BraTS2021_slice\test\Ungood\img\01233_60.png,1,0.007911060005426407,0.007911060005426407,0.22225427627563477,2.6639113426208496
data\BraTS2021_slice\test\Ungood\img\01233_68.png,1,0.006870726123452187,0.006870726123452187,0.19545765221118927,2.5279252529144287
data\BraTS2021_slice\test\Ungood\img\01233_76.png,1,0.0075722960755229,0.0075722960755229,0.2341890037059784,3.0853376388549805
data\BraTS2021_slice\test\Ungood\img\01233_84.png,1,0.010972755961120129,0.010972755961120129,0.33727261424064636,4.143870830535889
data\BraTS2021_slice\test\Ungood\img\01233_92.png,1,0.013201666064560413,0.013201666064560413,0.3491104543209076,4.40336799621582
data\BraTS2021_slice\test\Ungood\img\01238_60.png,1,0.0115419402718544,0.0115419402718544,0.2800041735172272,3.479468822479248
data\BraTS2021_slice\test\Ungood\img\01238_68.png,1,0.012807496823370457,0.012807496823370457,0.3427138030529022,4.210182189941406
data\BraTS2021_slice\test\Ungood\img\01238_76.png,1,0.012996905483305454,0.012996905483305454,0.361069917678833,4.60296630859375
data\BraTS2021_slice\test\Ungood\img\01238_84.png,1,0.015065672807395458,0.015065672807395458,0.40523460507392883,5.025912284851074
data\BraTS2021_slice\test\Ungood\img\01238_92.png,1,0.013203923590481281,0.013203923590481281,0.31603267788887024,4.049114227294922
data\BraTS2021_slice\test\Ungood\img\01239_60.png,1,0.009799136780202389,0.009799136780202389,0.27053943276405334,2.6989529132843018
data\BraTS2021_slice\test\Ungood\img\01239_68.png,1,0.010540543124079704,0.010540543124079704,0.22618629038333893,2.7375566959381104
data\BraTS2021_slice\test\Ungood\img\01239_76.png,1,0.010574418120086193,0.010574418120086193,0.2222955971956253,2.9987149238586426
data\BraTS2021_slice\test\Ungood\img\01239_84.png,1,0.011121135205030441,0.011121135205030441,0.22955811023712158,3.247847557067871
data\BraTS2021_slice\test\Ungood\img\01239_92.png,1,0.014872552827000618,0.014872552827000618,0.33261364698410034,4.170439720153809
data\BraTS2021_slice\test\Ungood\img\01241_60.png,1,0.0078010475262999535,0.0078010475262999535,0.2955496609210968,3.7525391578674316
data\BraTS2021_slice\test\Ungood\img\01241_68.png,1,0.014820361509919167,0.014820361509919167,0.37813228368759155,4.448924541473389
data\BraTS2021_slice\test\Ungood\img\01241_76.png,1,0.013314060866832733,0.013314060866832733,0.3302633762359619,3.7492101192474365
data\BraTS2021_slice\test\Ungood\img\01241_84.png,1,0.014751832000911236,0.014751832000911236,0.3431365191936493,3.884605646133423
data\BraTS2021_slice\test\Ungood\img\01241_92.png,1,0.01628987118601799,0.01628987118601799,0.4102141559123993,4.66510009765625
data\BraTS2021_slice\test\Ungood\img\01242_60.png,1,0.015590629540383816,0.015590629540383816,0.33963248133659363,4.375571250915527
data\BraTS2021_slice\test\Ungood\img\01242_68.png,1,0.013208436779677868,0.013208436779677868,0.3408726155757904,4.753851890563965
data\BraTS2021_slice\test\Ungood\img\01242_76.png,1,0.011764436960220337,0.011764436960220337,0.2841768264770508,3.8812711238861084
data\BraTS2021_slice\test\Ungood\img\01242_84.png,1,0.012243597768247128,0.012243597768247128,0.27041399478912354,3.8636345863342285
data\BraTS2021_slice\test\Ungood\img\01242_92.png,1,0.009905011393129826,0.009905011393129826,0.2366356998682022,2.8188016414642334
data\BraTS2021_slice\test\Ungood\img\01250_60.png,1,0.007892201654613018,0.007892201654613018,0.31203004717826843,3.5325570106506348
data\BraTS2021_slice\test\Ungood\img\01250_68.png,1,0.010233541019260883,0.010233541019260883,0.26885637640953064,3.6597609519958496
data\BraTS2021_slice\test\Ungood\img\01250_76.png,1,0.012084344401955605,0.012084344401955605,0.3395521938800812,4.753896713256836
data\BraTS2021_slice\test\Ungood\img\01250_84.png,1,0.015213310718536377,0.015213310718536377,0.38658615946769714,5.061425685882568
data\BraTS2021_slice\test\Ungood\img\01250_92.png,1,0.014333778992295265,0.014333778992295265,0.3456173241138458,4.821641445159912
data\BraTS2021_slice\test\Ungood\img\01252_60.png,1,0.006857701111584902,0.006857701111584902,0.20708057284355164,2.4862565994262695
data\BraTS2021_slice\test\Ungood\img\01252_68.png,1,0.005935178603976965,0.005935178603976965,0.1866108775138855,2.2394931316375732
data\BraTS2021_slice\test\Ungood\img\01252_76.png,1,0.006385105662047863,0.006385105662047863,0.18798361718654633,2.3778345584869385
data\BraTS2021_slice\test\Ungood\img\01252_84.png,1,0.007556536700576544,0.007556536700576544,0.18537665903568268,2.3608510494232178
data\BraTS2021_slice\test\Ungood\img\01252_92.png,1,0.006591796875,0.006591796875,0.14152495563030243,1.7154737710952759
data\BraTS2021_slice\test\Ungood\img\01253_60.png,1,0.013452126644551754,0.013452126644551754,0.2941461205482483,3.7972230911254883
data\BraTS2021_slice\test\Ungood\img\01253_68.png,1,0.013922438956797123,0.013922438956797123,0.31506139039993286,4.240414619445801
data\BraTS2021_slice\test\Ungood\img\01253_76.png,1,0.011510913260281086,0.011510913260281086,0.2946796715259552,4.123564720153809
data\BraTS2021_slice\test\Ungood\img\01253_84.png,1,0.0069697764702141285,0.0069697764702141285,0.16378407180309296,2.0440104007720947
data\BraTS2021_slice\test\Ungood\img\01253_92.png,1,0.008635126985609531,0.008635126985609531,0.1919620931148529,2.4431440830230713
data\BraTS2021_slice\test\Ungood\img\01254_60.png,1,0.01613730750977993,0.01613730750977993,0.36202576756477356,4.884716987609863
data\BraTS2021_slice\test\Ungood\img\01254_68.png,1,0.013149641454219818,0.013149641454219818,0.37177544832229614,5.303842067718506
data\BraTS2021_slice\test\Ungood\img\01254_76.png,1,0.015790067613124847,0.015790067613124847,0.37597790360450745,5.0670976638793945
data\BraTS2021_slice\test\Ungood\img\01254_84.png,1,0.013601941987872124,0.013601941987872124,0.39889270067214966,5.2870306968688965
data\BraTS2021_slice\test\Ungood\img\01254_92.png,1,0.013425515033304691,0.013425515033304691,0.3649906516075134,4.6370086669921875
data\BraTS2021_slice\test\Ungood\img\01256_60.png,1,0.014894579537212849,0.014894579537212849,0.43927326798439026,5.8114094734191895
data\BraTS2021_slice\test\Ungood\img\01256_68.png,1,0.015477437525987625,0.015477437525987625,0.3726816177368164,4.962363243103027
data\BraTS2021_slice\test\Ungood\img\01256_76.png,1,0.012029965408146381,0.012029965408146381,0.35493946075439453,4.738384246826172
data\BraTS2021_slice\test\Ungood\img\01256_84.png,1,0.01660335808992386,0.01660335808992386,0.4323336184024811,5.407528400421143
data\BraTS2021_slice\test\Ungood\img\01256_92.png,1,0.01364569179713726,0.01364569179713726,0.3958233892917633,5.45862340927124
data\BraTS2021_slice\test\Ungood\img\01260_60.png,1,0.007797226309776306,0.007797226309776306,0.2184297740459442,2.5097403526306152
data\BraTS2021_slice\test\Ungood\img\01260_68.png,1,0.010871798731386662,0.010871798731386662,0.2768647074699402,3.370701789855957
data\BraTS2021_slice\test\Ungood\img\01260_76.png,1,0.012723451480269432,0.012723451480269432,0.34490931034088135,4.089780807495117
data\BraTS2021_slice\test\Ungood\img\01260_84.png,1,0.013095134869217873,0.013095134869217873,0.3903317153453827,4.669525623321533
data\BraTS2021_slice\test\Ungood\img\01260_92.png,1,0.015079513192176819,0.015079513192176819,0.42550963163375854,4.889537811279297
data\BraTS2021_slice\test\Ungood\img\01261_60.png,1,0.00849946029484272,0.00849946029484272,0.21426203846931458,2.4233052730560303
data\BraTS2021_slice\test\Ungood\img\01261_68.png,1,0.012226547114551067,0.012226547114551067,0.29784971475601196,3.556425094604492
data\BraTS2021_slice\test\Ungood\img\01261_76.png,1,0.012812149710953236,0.012812149710953236,0.32884788513183594,3.7145416736602783
data\BraTS2021_slice\test\Ungood\img\01261_84.png,1,0.01443116832524538,0.01443116832524538,0.31280016899108887,3.778438091278076
data\BraTS2021_slice\test\Ungood\img\01261_92.png,1,0.01048384327441454,0.01048384327441454,0.2591696083545685,3.1648006439208984
data\BraTS2021_slice\test\Ungood\img\01262_60.png,1,0.008144935593008995,0.008144935593008995,0.24701474606990814,2.677008628845215
data\BraTS2021_slice\test\Ungood\img\01262_68.png,1,0.008720981888473034,0.008720981888473034,0.19032782316207886,2.238846778869629
data\BraTS2021_slice\test\Ungood\img\01262_76.png,1,0.008012128062546253,0.008012128062546253,0.18517546355724335,2.269867420196533
data\BraTS2021_slice\test\Ungood\img\01262_84.png,1,0.009636598639190197,0.009636598639190197,0.20989632606506348,2.7068285942077637
data\BraTS2021_slice\test\Ungood\img\01262_92.png,1,0.01043826062232256,0.01043826062232256,0.21255287528038025,2.3983681201934814
data\BraTS2021_slice\test\Ungood\img\01265_60.png,1,0.011754299513995647,0.011754299513995647,0.26051774621009827,3.0964505672454834
data\BraTS2021_slice\test\Ungood\img\01265_68.png,1,0.011845224536955357,0.011845224536955357,0.2864918112754822,2.962115526199341
data\BraTS2021_slice\test\Ungood\img\01265_76.png,1,0.01111041009426117,0.01111041009426117,0.3205529749393463,3.219390869140625
data\BraTS2021_slice\test\Ungood\img\01265_84.png,1,0.010907377116382122,0.010907377116382122,0.37458351254463196,3.4113364219665527
data\BraTS2021_slice\test\Ungood\img\01265_92.png,1,0.008045535534620285,0.008045535534620285,0.3335501551628113,3.2011666297912598
data\BraTS2021_slice\test\Ungood\img\01266_60.png,1,0.006505328230559826,0.006505328230559826,0.1836044192314148,1.902567744255066
data\BraTS2021_slice\test\Ungood\img\01266_68.png,1,0.009164220653474331,0.009164220653474331,0.2264702171087265,2.853194236755371
data\BraTS2021_slice\test\Ungood\img\01266_76.png,1,0.017709873616695404,0.017709873616695404,0.3991325795650482,5.14328145980835
data\BraTS2021_slice\test\Ungood\img\01266_84.png,1,0.0187543872743845,0.0187543872743845,0.3514072000980377,3.9286296367645264
data\BraTS2021_slice\test\Ungood\img\01266_92.png,1,0.01659976691007614,0.01659976691007614,0.3596053421497345,3.7810723781585693
data\BraTS2021_slice\test\Ungood\img\01267_60.png,1,0.007303845137357712,0.007303845137357712,0.15478132665157318,1.6350818872451782
data\BraTS2021_slice\test\Ungood\img\01267_68.png,1,0.00645011942833662,0.00645011942833662,0.1222786083817482,1.3750030994415283
data\BraTS2021_slice\test\Ungood\img\01267_76.png,1,0.007130410987883806,0.007130410987883806,0.11825354397296906,1.3839374780654907
data\BraTS2021_slice\test\Ungood\img\01267_84.png,1,0.007401125971227884,0.007401125971227884,0.14777643978595734,1.7215152978897095
data\BraTS2021_slice\test\Ungood\img\01267_92.png,1,0.007978581823408604,0.007978581823408604,0.14944180846214294,1.77374267578125
data\BraTS2021_slice\test\Ungood\img\01269_60.png,1,0.01352724153548479,0.01352724153548479,0.3227878510951996,4.621890544891357
data\BraTS2021_slice\test\Ungood\img\01269_68.png,1,0.014998264610767365,0.014998264610767365,0.30987173318862915,4.472628116607666
data\BraTS2021_slice\test\Ungood\img\01269_76.png,1,0.019353438168764114,0.019353438168764114,0.4378148019313812,6.203339576721191
data\BraTS2021_slice\test\Ungood\img\01269_84.png,1,0.013866671361029148,0.013866671361029148,0.37256523966789246,4.9673895835876465
data\BraTS2021_slice\test\Ungood\img\01269_92.png,1,0.010128158144652843,0.010128158144652843,0.25044918060302734,3.3913612365722656
data\BraTS2021_slice\test\Ungood\img\01270_60.png,1,0.029153089970350266,0.029153089970350266,0.5346461534500122,7.328490734100342
data\BraTS2021_slice\test\Ungood\img\01270_68.png,1,0.02472820319235325,0.02472820319235325,0.5997306108474731,7.585362434387207
data\BraTS2021_slice\test\Ungood\img\01270_76.png,1,0.0288705974817276,0.0288705974817276,0.685518205165863,8.035850524902344
data\BraTS2021_slice\test\Ungood\img\01270_84.png,1,0.027333939447999,0.027333939447999,0.5426469445228577,6.6113176345825195
data\BraTS2021_slice\test\Ungood\img\01270_92.png,1,0.01845644973218441,0.01845644973218441,0.44868868589401245,5.072870254516602
data\BraTS2021_slice\test\Ungood\img\01278_60.png,1,0.006578219588845968,0.006578219588845968,0.20231500267982483,2.1927671432495117
data\BraTS2021_slice\test\Ungood\img\01278_68.png,1,0.007307924795895815,0.007307924795895815,0.18677589297294617,2.295654773712158
data\BraTS2021_slice\test\Ungood\img\01278_76.png,1,0.008859983645379543,0.008859983645379543,0.18805453181266785,2.61541748046875
data\BraTS2021_slice\test\Ungood\img\01278_84.png,1,0.009344560094177723,0.009344560094177723,0.23528161644935608,3.0988776683807373
data\BraTS2021_slice\test\Ungood\img\01278_92.png,1,0.009049683809280396,0.009049683809280396,0.2114107757806778,2.8126676082611084
data\BraTS2021_slice\test\Ungood\img\01280_60.png,1,0.014398088678717613,0.014398088678717613,0.3813803493976593,4.95272159576416
data\BraTS2021_slice\test\Ungood\img\01280_68.png,1,0.014778072014451027,0.014778072014451027,0.40350526571273804,4.604426383972168
data\BraTS2021_slice\test\Ungood\img\01280_76.png,1,0.012844674289226532,0.012844674289226532,0.34117040038108826,3.778963565826416
data\BraTS2021_slice\test\Ungood\img\01280_84.png,1,0.013008366338908672,0.013008366338908672,0.34801381826400757,4.022428512573242
data\BraTS2021_slice\test\Ungood\img\01280_92.png,1,0.01197534054517746,0.01197534054517746,0.31804656982421875,4.230632781982422
data\BraTS2021_slice\test\Ungood\img\01281_60.png,1,0.0072176493704319,0.0072176493704319,0.1725551337003708,2.0901999473571777
data\BraTS2021_slice\test\Ungood\img\01281_68.png,1,0.009154459461569786,0.009154459461569786,0.1812906712293625,2.39064884185791
data\BraTS2021_slice\test\Ungood\img\01281_76.png,1,0.01644645445048809,0.01644645445048809,0.35561153292655945,4.068261623382568
data\BraTS2021_slice\test\Ungood\img\01281_84.png,1,0.01630450040102005,0.01630450040102005,0.36765027046203613,4.1103010177612305
data\BraTS2021_slice\test\Ungood\img\01281_92.png,1,0.018541833385825157,0.018541833385825157,0.37058669328689575,4.2391839027404785
data\BraTS2021_slice\test\Ungood\img\01282_60.png,1,0.008624766021966934,0.008624766021966934,0.1763901263475418,2.000919818878174
data\BraTS2021_slice\test\Ungood\img\01282_68.png,1,0.00633825920522213,0.00633825920522213,0.14973929524421692,1.6711229085922241
data\BraTS2021_slice\test\Ungood\img\01282_76.png,1,0.007728120777755976,0.007728120777755976,0.13889795541763306,1.7769372463226318
data\BraTS2021_slice\test\Ungood\img\01282_84.png,1,0.011070101521909237,0.011070101521909237,0.1825605034828186,2.4183309078216553
data\BraTS2021_slice\test\Ungood\img\01282_92.png,1,0.011731458827853203,0.011731458827853203,0.25961118936538696,3.3373324871063232
data\BraTS2021_slice\test\Ungood\img\01283_60.png,1,0.013412188738584518,0.013412188738584518,0.25110048055648804,2.802511215209961
data\BraTS2021_slice\test\Ungood\img\01283_68.png,1,0.01282145082950592,0.01282145082950592,0.2593638002872467,3.2118937969207764
data\BraTS2021_slice\test\Ungood\img\01283_76.png,1,0.012027488090097904,0.012027488090097904,0.2738919258117676,3.1325840950012207
data\BraTS2021_slice\test\Ungood\img\01283_84.png,1,0.010789248161017895,0.010789248161017895,0.2501241862773895,3.341881036758423
data\BraTS2021_slice\test\Ungood\img\01283_92.png,1,0.010554671287536621,0.010554671287536621,0.2717357873916626,3.629729986190796
data\BraTS2021_slice\test\Ungood\img\01284_60.png,1,0.008126619271934032,0.008126619271934032,0.23255492746829987,2.47478985786438
data\BraTS2021_slice\test\Ungood\img\01284_68.png,1,0.008275611326098442,0.008275611326098442,0.14703409373760223,1.6590795516967773
data\BraTS2021_slice\test\Ungood\img\01284_76.png,1,0.01055749412626028,0.01055749412626028,0.14571326971054077,1.8374698162078857
data\BraTS2021_slice\test\Ungood\img\01284_84.png,1,0.00955585204064846,0.00955585204064846,0.18609443306922913,2.1750540733337402
data\BraTS2021_slice\test\Ungood\img\01284_92.png,1,0.009508956223726273,0.009508956223726273,0.19972534477710724,2.1976566314697266
data\BraTS2021_slice\test\Ungood\img\01285_60.png,1,0.009735059924423695,0.009735059924423695,0.30540555715560913,3.6111714839935303
data\BraTS2021_slice\test\Ungood\img\01285_68.png,1,0.011301891878247261,0.011301891878247261,0.2943277359008789,3.6399037837982178
data\BraTS2021_slice\test\Ungood\img\01285_76.png,1,0.016361065208911896,0.016361065208911896,0.3717115521430969,4.883666515350342
data\BraTS2021_slice\test\Ungood\img\01285_84.png,1,0.01789236068725586,0.01789236068725586,0.4413662254810333,5.232901573181152
data\BraTS2021_slice\test\Ungood\img\01285_92.png,1,0.017872361466288567,0.017872361466288567,0.40094897150993347,4.555195331573486
data\BraTS2021_slice\test\Ungood\img\01286_60.png,1,0.011185265146195889,0.011185265146195889,0.27963438630104065,3.443970203399658
data\BraTS2021_slice\test\Ungood\img\01286_68.png,1,0.014727569185197353,0.014727569185197353,0.3151712715625763,4.083426475524902
data\BraTS2021_slice\test\Ungood\img\01286_76.png,1,0.016033552587032318,0.016033552587032318,0.37646669149398804,4.534809589385986
data\BraTS2021_slice\test\Ungood\img\01286_84.png,1,0.013228727504611015,0.013228727504611015,0.3093728721141815,3.7694716453552246
data\BraTS2021_slice\test\Ungood\img\01286_92.png,1,0.009965005330741405,0.009965005330741405,0.2491123378276825,3.0419678688049316
data\BraTS2021_slice\test\Ungood\img\01290_60.png,1,0.006918275263160467,0.006918275263160467,0.19928152859210968,2.267199993133545
data\BraTS2021_slice\test\Ungood\img\01290_68.png,1,0.007708814926445484,0.007708814926445484,0.1987593173980713,2.4284801483154297
data\BraTS2021_slice\test\Ungood\img\01290_76.png,1,0.008551894687116146,0.008551894687116146,0.14920595288276672,1.9036784172058105
data\BraTS2021_slice\test\Ungood\img\01290_84.png,1,0.007230025716125965,0.007230025716125965,0.15651960670948029,1.9524903297424316
data\BraTS2021_slice\test\Ungood\img\01290_92.png,1,0.0086074722930789,0.0086074722930789,0.16031807661056519,1.8929747343063354
data\BraTS2021_slice\test\Ungood\img\01292_60.png,1,0.007739681284874678,0.007739681284874678,0.14846202731132507,1.8324646949768066
data\BraTS2021_slice\test\Ungood\img\01292_68.png,1,0.009458676911890507,0.009458676911890507,0.1995581090450287,2.4211864471435547
data\BraTS2021_slice\test\Ungood\img\01292_76.png,1,0.013639138080179691,0.013639138080179691,0.31219083070755005,3.890934944152832
data\BraTS2021_slice\test\Ungood\img\01292_84.png,1,0.015634533017873764,0.015634533017873764,0.36194920539855957,4.675951957702637
data\BraTS2021_slice\test\Ungood\img\01292_92.png,1,0.01555235218256712,0.01555235218256712,0.38067880272865295,4.7412848472595215
data\BraTS2021_slice\test\Ungood\img\01293_60.png,1,0.007731976453214884,0.007731976453214884,0.24122807383537292,2.655956983566284
data\BraTS2021_slice\test\Ungood\img\01293_68.png,1,0.007739681284874678,0.007739681284874678,0.2284713238477707,2.6425466537475586
data\BraTS2021_slice\test\Ungood\img\01293_76.png,1,0.009777824394404888,0.009777824394404888,0.2969042956829071,3.129199266433716
data\BraTS2021_slice\test\Ungood\img\01293_84.png,1,0.010534887202084064,0.010534887202084064,0.28309139609336853,3.2144250869750977
data\BraTS2021_slice\test\Ungood\img\01293_92.png,1,0.00864547397941351,0.00864547397941351,0.2318895161151886,2.839134454727173
data\BraTS2021_slice\test\Ungood\img\01294_60.png,1,0.007075867615640163,0.007075867615640163,0.2308894246816635,2.6777570247650146
data\BraTS2021_slice\test\Ungood\img\01294_68.png,1,0.008181443437933922,0.008181443437933922,0.21230098605155945,2.5967319011688232
data\BraTS2021_slice\test\Ungood\img\01294_76.png,1,0.00977172702550888,0.00977172702550888,0.2749828100204468,3.6185100078582764
data\BraTS2021_slice\test\Ungood\img\01294_84.png,1,0.009886941872537136,0.009886941872537136,0.2509533762931824,3.236055850982666
data\BraTS2021_slice\test\Ungood\img\01294_92.png,1,0.013866671361029148,0.013866671361029148,0.2393699288368225,2.875586748123169
data\BraTS2021_slice\test\Ungood\img\01296_60.png,1,0.006564613897353411,0.006564613897353411,0.2837015688419342,3.0978012084960938
data\BraTS2021_slice\test\Ungood\img\01296_68.png,1,0.007238265126943588,0.007238265126943588,0.16257460415363312,1.8270105123519897
data\BraTS2021_slice\test\Ungood\img\01296_76.png,1,0.006800970993936062,0.006800970993936062,0.12338947504758835,1.3550910949707031
data\BraTS2021_slice\test\Ungood\img\01296_84.png,1,0.006342959590256214,0.006342959590256214,0.1301317662000656,1.4766502380371094
data\BraTS2021_slice\test\Ungood\img\01296_92.png,1,0.006857701111584902,0.006857701111584902,0.15359115600585938,1.6837726831436157
data\BraTS2021_slice\test\Ungood\img\01297_60.png,1,0.009029903449118137,0.009029903449118137,0.2784222960472107,2.5906925201416016
data\BraTS2021_slice\test\Ungood\img\01297_68.png,1,0.0062768361531198025,0.0062768361531198025,0.23891638219356537,2.567061424255371
data\BraTS2021_slice\test\Ungood\img\01297_76.png,1,0.007080078125,0.007080078125,0.14751407504081726,1.624977946281433
data\BraTS2021_slice\test\Ungood\img\01297_84.png,1,0.007720404304563999,0.007720404304563999,0.13587838411331177,1.6185091733932495
data\BraTS2021_slice\test\Ungood\img\01297_92.png,1,0.006818476598709822,0.006818476598709822,0.16889818012714386,2.0091331005096436
data\BraTS2021_slice\test\Ungood\img\01299_60.png,1,0.012501334771513939,0.012501334771513939,0.32146841287612915,3.6149826049804688
data\BraTS2021_slice\test\Ungood\img\01299_68.png,1,0.014292134903371334,0.014292134903371334,0.32652968168258667,3.9724793434143066
data\BraTS2021_slice\test\Ungood\img\01299_76.png,1,0.013338660821318626,0.013338660821318626,0.29466870427131653,3.719956636428833
data\BraTS2021_slice\test\Ungood\img\01299_84.png,1,0.01451148558408022,0.01451148558408022,0.2930571138858795,3.9210002422332764
data\BraTS2021_slice\test\Ungood\img\01299_92.png,1,0.013920297846198082,0.013920297846198082,0.3093933165073395,4.389183521270752
data\BraTS2021_slice\test\Ungood\img\01300_60.png,1,0.014848487451672554,0.014848487451672554,0.38356196880340576,3.8169209957122803
data\BraTS2021_slice\test\Ungood\img\01300_68.png,1,0.011987777426838875,0.011987777426838875,0.3697725534439087,3.7278096675872803
data\BraTS2021_slice\test\Ungood\img\01300_76.png,1,0.01261051930487156,0.01261051930487156,0.31909751892089844,3.4209847450256348
data\BraTS2021_slice\test\Ungood\img\01300_84.png,1,0.013264724053442478,0.013264724053442478,0.3269079923629761,3.4694390296936035
data\BraTS2021_slice\test\Ungood\img\01300_92.png,1,0.009967995807528496,0.009967995807528496,0.2646445631980896,2.9600424766540527
data\BraTS2021_slice\test\Ungood\img\01302_60.png,1,0.009131642989814281,0.009131642989814281,0.23207953572273254,2.4912893772125244
data\BraTS2021_slice\test\Ungood\img\01302_68.png,1,0.008873428218066692,0.008873428218066692,0.21439358592033386,2.5587317943573
data\BraTS2021_slice\test\Ungood\img\01302_76.png,1,0.007835354655981064,0.007835354655981064,0.187504842877388,2.1074416637420654
data\BraTS2021_slice\test\Ungood\img\01302_84.png,1,0.009633505716919899,0.009633505716919899,0.20881398022174835,2.472738265991211
data\BraTS2021_slice\test\Ungood\img\01302_92.png,1,0.00946812517940998,0.00946812517940998,0.2658112347126007,3.1001763343811035
data\BraTS2021_slice\test\Ungood\img\01303_60.png,1,0.0072052511386573315,0.0072052511386573315,0.28143811225891113,3.1329848766326904
data\BraTS2021_slice\test\Ungood\img\01303_68.png,1,0.011102360673248768,0.011102360673248768,0.23834927380084991,3.4003961086273193
data\BraTS2021_slice\test\Ungood\img\01303_76.png,1,0.01932724192738533,0.01932724192738533,0.3208458721637726,4.704600811004639
data\BraTS2021_slice\test\Ungood\img\01303_84.png,1,0.022495409473776817,0.022495409473776817,0.5559083223342896,7.5654072761535645
data\BraTS2021_slice\test\Ungood\img\01303_92.png,1,0.024952556937932968,0.024952556937932968,0.610263466835022,8.198001861572266
data\BraTS2021_slice\test\Ungood\img\01304_60.png,1,0.01215810514986515,0.01215810514986515,0.32432666420936584,3.537932872772217
data\BraTS2021_slice\test\Ungood\img\01304_68.png,1,0.012015092186629772,0.012015092186629772,0.26065292954444885,3.0076749324798584
data\BraTS2021_slice\test\Ungood\img\01304_76.png,1,0.01192296389490366,0.01192296389490366,0.22673875093460083,2.9047906398773193
data\BraTS2021_slice\test\Ungood\img\01304_84.png,1,0.013460985384881496,0.013460985384881496,0.18573921918869019,2.4639675617218018
data\BraTS2021_slice\test\Ungood\img\01304_92.png,1,0.010986328125,0.010986328125,0.1618087738752365,1.9920026063919067
data\BraTS2021_slice\test\Ungood\img\01306_60.png,1,0.008239519782364368,0.008239519782364368,0.2946678698062897,3.0935099124908447
data\BraTS2021_slice\test\Ungood\img\01306_68.png,1,0.010838854126632214,0.010838854126632214,0.2613056004047394,3.337024688720703
data\BraTS2021_slice\test\Ungood\img\01306_76.png,1,0.014400158077478409,0.014400158077478409,0.2775805592536926,3.8197903633117676
data\BraTS2021_slice\test\Ungood\img\01306_84.png,1,0.013529444113373756,0.013529444113373756,0.2626346945762634,3.4583053588867188
data\BraTS2021_slice\test\Ungood\img\01306_92.png,1,0.01059694029390812,0.01059694029390812,0.24952295422554016,3.0862271785736084
data\BraTS2021_slice\test\Ungood\img\01307_60.png,1,0.014026936143636703,0.014026936143636703,0.24888089299201965,3.381314754486084
data\BraTS2021_slice\test\Ungood\img\01307_68.png,1,0.013756625354290009,0.013756625354290009,0.3240104615688324,3.943267822265625
data\BraTS2021_slice\test\Ungood\img\01307_76.png,1,0.014464173465967178,0.014464173465967178,0.3028300404548645,3.9184610843658447
data\BraTS2021_slice\test\Ungood\img\01307_84.png,1,0.014926559291779995,0.014926559291779995,0.28787901997566223,3.455742120742798
data\BraTS2021_slice\test\Ungood\img\01307_92.png,1,0.01502804085612297,0.01502804085612297,0.2764166295528412,3.387968063354492
data\BraTS2021_slice\test\Ungood\img\01310_60.png,1,0.005393242463469505,0.005393242463469505,0.13966980576515198,1.6597398519515991
data\BraTS2021_slice\test\Ungood\img\01310_68.png,1,0.006371087860316038,0.006371087860316038,0.10104577988386154,1.0920835733413696
data\BraTS2021_slice\test\Ungood\img\01310_76.png,1,0.005823662504553795,0.005823662504553795,0.09239647537469864,0.9794387817382812
data\BraTS2021_slice\test\Ungood\img\01310_84.png,1,0.005910018924623728,0.005910018924623728,0.09655257314443588,1.0655946731567383
data\BraTS2021_slice\test\Ungood\img\01310_92.png,1,0.005086100194603205,0.005086100194603205,0.09341481328010559,1.0087312459945679
data\BraTS2021_slice\test\Ungood\img\01311_60.png,1,0.00715544493868947,0.00715544493868947,0.1861981898546219,2.0735697746276855
data\BraTS2021_slice\test\Ungood\img\01311_68.png,1,0.007071654312312603,0.007071654312312603,0.14829353988170624,1.6714789867401123
data\BraTS2021_slice\test\Ungood\img\01311_76.png,1,0.010855338536202908,0.010855338536202908,0.20425112545490265,2.44868803024292
data\BraTS2021_slice\test\Ungood\img\01311_84.png,1,0.009826470166444778,0.009826470166444778,0.24813033640384674,2.582942008972168
data\BraTS2021_slice\test\Ungood\img\01311_92.png,1,0.00906284712255001,0.00906284712255001,0.1726863980293274,1.904351830482483
data\BraTS2021_slice\test\Ungood\img\01312_60.png,1,0.006717195734381676,0.006717195734381676,0.15592366456985474,1.6771260499954224
data\BraTS2021_slice\test\Ungood\img\01312_68.png,1,0.00915120355784893,0.00915120355784893,0.1525474190711975,1.6506171226501465
data\BraTS2021_slice\test\Ungood\img\01312_76.png,1,0.009673639200627804,0.009673639200627804,0.17297743260860443,1.892250895500183
data\BraTS2021_slice\test\Ungood\img\01312_84.png,1,0.0100394943729043,0.0100394943729043,0.22867469489574432,2.4973032474517822
data\BraTS2021_slice\test\Ungood\img\01312_92.png,1,0.012297031469643116,0.012297031469643116,0.1997418850660324,2.495353937149048
data\BraTS2021_slice\test\Ungood\img\01313_60.png,1,0.008097228594124317,0.008097228594124317,0.17404577136039734,2.171513557434082
data\BraTS2021_slice\test\Ungood\img\01313_68.png,1,0.011341376230120659,0.011341376230120659,0.18984989821910858,2.229618787765503
data\BraTS2021_slice\test\Ungood\img\01313_76.png,1,0.017462456598877907,0.017462456598877907,0.33212366700172424,3.9291598796844482
data\BraTS2021_slice\test\Ungood\img\01313_84.png,1,0.0187543872743845,0.0187543872743845,0.35151320695877075,4.100258827209473
data\BraTS2021_slice\test\Ungood\img\01313_92.png,1,0.018425744026899338,0.018425744026899338,0.3315573036670685,4.147574424743652
data\BraTS2021_slice\test\Ungood\img\01315_60.png,1,0.006922581698745489,0.006922581698745489,0.28492769598960876,3.2925913333892822
data\BraTS2021_slice\test\Ungood\img\01315_68.png,1,0.007497144863009453,0.007497144863009453,0.22169075906276703,2.6867480278015137
data\BraTS2021_slice\test\Ungood\img\01315_76.png,1,0.009414462372660637,0.009414462372660637,0.20635168254375458,2.450324535369873
data\BraTS2021_slice\test\Ungood\img\01315_84.png,1,0.010948284529149532,0.010948284529149532,0.25354257225990295,2.6403255462646484
data\BraTS2021_slice\test\Ungood\img\01315_92.png,1,0.011797323822975159,0.011797323822975159,0.2332371026277542,2.345235824584961
data\BraTS2021_slice\test\Ungood\img\01316_60.png,1,0.015934735536575317,0.015934735536575317,0.3252616822719574,4.023351669311523
data\BraTS2021_slice\test\Ungood\img\01316_68.png,1,0.017803862690925598,0.017803862690925598,0.28095096349716187,3.433131217956543
data\BraTS2021_slice\test\Ungood\img\01316_76.png,1,0.015154427848756313,0.015154427848756313,0.2801278233528137,3.53814697265625
data\BraTS2021_slice\test\Ungood\img\01316_84.png,1,0.013967319391667843,0.013967319391667843,0.286072313785553,4.028306007385254
data\BraTS2021_slice\test\Ungood\img\01316_92.png,1,0.015537014231085777,0.015537014231085777,0.2560493052005768,3.8431806564331055
data\BraTS2021_slice\test\Ungood\img\01320_60.png,1,0.009741180576384068,0.009741180576384068,0.26857662200927734,2.8043572902679443
data\BraTS2021_slice\test\Ungood\img\01320_68.png,1,0.009838594123721123,0.009838594123721123,0.1970779299736023,2.1438543796539307
data\BraTS2021_slice\test\Ungood\img\01320_76.png,1,0.009496411308646202,0.009496411308646202,0.19058826565742493,1.9907325506210327
data\BraTS2021_slice\test\Ungood\img\01320_84.png,1,0.010767127387225628,0.010767127387225628,0.229050412774086,2.284802198410034
data\BraTS2021_slice\test\Ungood\img\01320_92.png,1,0.009774776175618172,0.009774776175618172,0.2080981731414795,1.9884532690048218
data\BraTS2021_slice\test\Ungood\img\01321_60.png,1,0.007701079361140728,0.007701079361140728,0.22646267712116241,2.52772855758667
data\BraTS2021_slice\test\Ungood\img\01321_68.png,1,0.00922580249607563,0.00922580249607563,0.2378060519695282,2.8787617683410645
data\BraTS2021_slice\test\Ungood\img\01321_76.png,1,0.010274231433868408,0.010274231433868408,0.26614144444465637,3.2961857318878174
data\BraTS2021_slice\test\Ungood\img\01321_84.png,1,0.01211882196366787,0.01211882196366787,0.321787565946579,3.442800760269165
data\BraTS2021_slice\test\Ungood\img\01321_92.png,1,0.013199408538639545,0.013199408538639545,0.3041822016239166,3.24819278717041
data\BraTS2021_slice\test\Ungood\img\01323_60.png,1,0.013097411021590233,0.013097411021590233,0.3593691289424896,3.7292613983154297
data\BraTS2021_slice\test\Ungood\img\01323_68.png,1,0.01849355176091194,0.01849355176091194,0.3980015814304352,4.920444011688232
data\BraTS2021_slice\test\Ungood\img\01323_76.png,1,0.015604005195200443,0.015604005195200443,0.3685802221298218,4.157145977020264
data\BraTS2021_slice\test\Ungood\img\01323_84.png,1,0.014391877688467503,0.014391877688467503,0.3261379599571228,4.008391857147217
data\BraTS2021_slice\test\Ungood\img\01323_92.png,1,0.01458931714296341,0.01458931714296341,0.3056054711341858,3.9489598274230957
data\BraTS2021_slice\test\Ungood\img\01324_60.png,1,0.01123842690140009,0.01123842690140009,0.2423507273197174,2.7595791816711426
data\BraTS2021_slice\test\Ungood\img\01324_68.png,1,0.010303197428584099,0.010303197428584099,0.2790225148200989,3.2428624629974365
data\BraTS2021_slice\test\Ungood\img\01324_76.png,1,0.011583180166780949,0.011583180166780949,0.2869000732898712,3.2393298149108887
data\BraTS2021_slice\test\Ungood\img\01324_84.png,1,0.013806362636387348,0.013806362636387348,0.294441282749176,3.0826070308685303
data\BraTS2021_slice\test\Ungood\img\01324_92.png,1,0.015682116150856018,0.015682116150856018,0.3922819495201111,3.5639853477478027
data\BraTS2021_slice\test\Ungood\img\01326_60.png,1,0.008155904710292816,0.008155904710292816,0.22084660828113556,2.421485424041748
data\BraTS2021_slice\test\Ungood\img\01326_68.png,1,0.00751302856951952,0.00751302856951952,0.16397777199745178,1.7416239976882935
data\BraTS2021_slice\test\Ungood\img\01326_76.png,1,0.010375258512794971,0.010375258512794971,0.17411300539970398,1.826460361480713
data\BraTS2021_slice\test\Ungood\img\01326_84.png,1,0.010227714665234089,0.010227714665234089,0.18983638286590576,1.8753557205200195
data\BraTS2021_slice\test\Ungood\img\01326_92.png,1,0.00909894797950983,0.00909894797950983,0.19202522933483124,2.0460166931152344
data\BraTS2021_slice\test\Ungood\img\01329_60.png,1,0.008826282806694508,0.008826282806694508,0.20627586543560028,2.0338714122772217
data\BraTS2021_slice\test\Ungood\img\01329_68.png,1,0.009052976965904236,0.009052976965904236,0.18552815914154053,2.131251096725464
data\BraTS2021_slice\test\Ungood\img\01329_76.png,1,0.010983615182340145,0.010983615182340145,0.20436808466911316,2.531651496887207
data\BraTS2021_slice\test\Ungood\img\01329_84.png,1,0.010847099125385284,0.010847099125385284,0.24547260999679565,3.014711618423462
data\BraTS2021_slice\test\Ungood\img\01329_92.png,1,0.009902002289891243,0.009902002289891243,0.19283053278923035,2.5113298892974854
data\BraTS2021_slice\test\Ungood\img\01335_60.png,1,0.014587274752557278,0.014587274752557278,0.32961899042129517,4.29620361328125
data\BraTS2021_slice\test\Ungood\img\01335_68.png,1,0.015513978898525238,0.015513978898525238,0.3601621389389038,4.422186851501465
data\BraTS2021_slice\test\Ungood\img\01335_76.png,1,0.016873985528945923,0.016873985528945923,0.3836314082145691,4.506349563598633
data\BraTS2021_slice\test\Ungood\img\01335_84.png,1,0.01611328125,0.01611328125,0.41831010580062866,4.722427845001221
data\BraTS2021_slice\test\Ungood\img\01335_92.png,1,0.016648171469569206,0.016648171469569206,0.4378814995288849,5.2971391677856445
data\BraTS2021_slice\test\Ungood\img\01337_60.png,1,0.02230515517294407,0.02230515517294407,0.3279950022697449,4.683067798614502
data\BraTS2021_slice\test\Ungood\img\01337_68.png,1,0.01786402240395546,0.01786402240395546,0.3452482521533966,4.567496299743652
data\BraTS2021_slice\test\Ungood\img\01337_76.png,1,0.009762573055922985,0.009762573055922985,0.26129961013793945,3.239687919616699
data\BraTS2021_slice\test\Ungood\img\01337_84.png,1,0.009075991809368134,0.009075991809368134,0.3088122010231018,3.710528612136841
data\BraTS2021_slice\test\Ungood\img\01337_92.png,1,0.008432576432824135,0.008432576432824135,0.2891729474067688,3.832181930541992
data\BraTS2021_slice\test\Ungood\img\01338_60.png,1,0.009290184825658798,0.009290184825658798,0.2885761260986328,3.5951807498931885
data\BraTS2021_slice\test\Ungood\img\01338_68.png,1,0.0160576980561018,0.0160576980561018,0.4108733534812927,5.7109246253967285
data\BraTS2021_slice\test\Ungood\img\01338_76.png,1,0.015285621397197247,0.015285621397197247,0.4218214750289917,5.735410213470459
data\BraTS2021_slice\test\Ungood\img\01338_84.png,1,0.01579761505126953,0.01579761505126953,0.37738099694252014,5.164196014404297
data\BraTS2021_slice\test\Ungood\img\01338_92.png,1,0.014371154829859734,0.014371154829859734,0.3327488303184509,4.7012553215026855
data\BraTS2021_slice\test\Ungood\img\01339_60.png,1,0.009802177548408508,0.009802177548408508,0.2692815363407135,3.1612062454223633
data\BraTS2021_slice\test\Ungood\img\01339_68.png,1,0.011621708981692791,0.011621708981692791,0.3233517110347748,4.254509925842285
data\BraTS2021_slice\test\Ungood\img\01339_76.png,1,0.01380420383065939,0.01380420383065939,0.39213550090789795,4.699120044708252
data\BraTS2021_slice\test\Ungood\img\01339_84.png,1,0.015972096472978592,0.015972096472978592,0.4026959538459778,4.673150539398193
data\BraTS2021_slice\test\Ungood\img\01339_92.png,1,0.017308175563812256,0.017308175563812256,0.4217143952846527,4.985202312469482
data\BraTS2021_slice\test\Ungood\img\01343_60.png,1,0.008015846833586693,0.008015846833586693,0.2671681046485901,3.4605414867401123
data\BraTS2021_slice\test\Ungood\img\01343_68.png,1,0.019698381423950195,0.019698381423950195,0.35404619574546814,5.172640323638916
data\BraTS2021_slice\test\Ungood\img\01343_76.png,1,0.01923450082540512,0.01923450082540512,0.4288969337940216,5.9984846115112305
data\BraTS2021_slice\test\Ungood\img\01343_84.png,1,0.017798839136958122,0.017798839136958122,0.43935737013816833,5.7188334465026855
data\BraTS2021_slice\test\Ungood\img\01343_92.png,1,0.015927253291010857,0.015927253291010857,0.4418395161628723,5.041234970092773
data\BraTS2021_slice\test\Ungood\img\01345_60.png,1,0.011438190005719662,0.011438190005719662,0.22094154357910156,2.755862236022949
data\BraTS2021_slice\test\Ungood\img\01345_68.png,1,0.010926485992968082,0.010926485992968082,0.16902980208396912,2.2419729232788086
data\BraTS2021_slice\test\Ungood\img\01345_76.png,1,0.0057047465816140175,0.0057047465816140175,0.1605665534734726,1.9485708475112915
data\BraTS2021_slice\test\Ungood\img\01345_84.png,1,0.004967526998370886,0.004967526998370886,0.1445794403553009,1.5707718133926392
data\BraTS2021_slice\test\Ungood\img\01345_92.png,1,0.005652264226227999,0.005652264226227999,0.15570102632045746,1.6695207357406616
data\BraTS2021_slice\test\Ungood\img\01346_60.png,1,0.006632362026721239,0.006632362026721239,0.26749634742736816,3.0954577922821045
data\BraTS2021_slice\test\Ungood\img\01346_68.png,1,0.013271463103592396,0.013271463103592396,0.40997400879859924,4.786937713623047
data\BraTS2021_slice\test\Ungood\img\01346_76.png,1,0.01571628637611866,0.01571628637611866,0.46712198853492737,5.379827499389648
data\BraTS2021_slice\test\Ungood\img\01346_84.png,1,0.015256347134709358,0.015256347134709358,0.4749513566493988,5.1919684410095215
data\BraTS2021_slice\test\Ungood\img\01346_92.png,1,0.015678314492106438,0.015678314492106438,0.41594210267066956,4.562880039215088
data\BraTS2021_slice\test\Ungood\img\01347_60.png,1,0.008963651955127716,0.008963651955127716,0.30712366104125977,3.4958415031433105
data\BraTS2021_slice\test\Ungood\img\01347_68.png,1,0.011262267827987671,0.011262267827987671,0.30889439582824707,3.8924427032470703
data\BraTS2021_slice\test\Ungood\img\01347_76.png,1,0.008896907791495323,0.008896907791495323,0.2674911916255951,3.279545545578003
data\BraTS2021_slice\test\Ungood\img\01347_84.png,1,0.007295680232346058,0.007295680232346058,0.27047625184059143,3.2693393230438232
data\BraTS2021_slice\test\Ungood\img\01347_92.png,1,0.008340180851519108,0.008340180851519108,0.27352553606033325,3.3392999172210693
data\BraTS2021_slice\test\Ungood\img\01354_60.png,1,0.006537318229675293,0.006537318229675293,0.25719356536865234,2.990784168243408
data\BraTS2021_slice\test\Ungood\img\01354_68.png,1,0.007299764081835747,0.007299764081835747,0.2037307620048523,2.4057235717773438
data\BraTS2021_slice\test\Ungood\img\01354_76.png,1,0.0069612194783985615,0.0069612194783985615,0.21760991215705872,2.5698513984680176
data\BraTS2021_slice\test\Ungood\img\01354_84.png,1,0.010580052621662617,0.010580052621662617,0.2252831608057022,2.9083292484283447
data\BraTS2021_slice\test\Ungood\img\01354_92.png,1,0.016960307955741882,0.016960307955741882,0.29954031109809875,4.17576265335083
data\BraTS2021_slice\test\Ungood\img\01357_60.png,1,0.00747724249958992,0.00747724249958992,0.20886458456516266,2.408146619796753
data\BraTS2021_slice\test\Ungood\img\01357_68.png,1,0.010472466237843037,0.010472466237843037,0.28175967931747437,3.5508017539978027
data\BraTS2021_slice\test\Ungood\img\01357_76.png,1,0.012470305897295475,0.012470305897295475,0.3290388584136963,4.162760257720947
data\BraTS2021_slice\test\Ungood\img\01357_84.png,1,0.01263177115470171,0.01263177115470171,0.32953882217407227,4.302642345428467
data\BraTS2021_slice\test\Ungood\img\01357_92.png,1,0.014375302009284496,0.014375302009284496,0.3673805296421051,4.742823600769043
data\BraTS2021_slice\test\Ungood\img\01358_60.png,1,0.013483107089996338,0.013483107089996338,0.30831700563430786,3.4715261459350586
data\BraTS2021_slice\test\Ungood\img\01358_68.png,1,0.01495448499917984,0.01495448499917984,0.35397595167160034,3.9262256622314453
data\BraTS2021_slice\test\Ungood\img\01358_76.png,1,0.014128550887107849,0.014128550887107849,0.3629428744316101,4.031679630279541
data\BraTS2021_slice\test\Ungood\img\01358_84.png,1,0.0142712676897645,0.0142712676897645,0.38689282536506653,4.078758716583252
data\BraTS2021_slice\test\Ungood\img\01358_92.png,1,0.014065127819776535,0.014065127819776535,0.3142322599887848,4.005758285522461
data\BraTS2021_slice\test\Ungood\img\01360_60.png,1,0.011288699693977833,0.011288699693977833,0.2668941617012024,3.4844014644622803
data\BraTS2021_slice\test\Ungood\img\01360_68.png,1,0.011693291366100311,0.011693291366100311,0.25651198625564575,3.3220319747924805
data\BraTS2021_slice\test\Ungood\img\01360_76.png,1,0.0115419402718544,0.0115419402718544,0.26544344425201416,3.5735037326812744
data\BraTS2021_slice\test\Ungood\img\01360_84.png,1,0.011158588342368603,0.011158588342368603,0.30255424976348877,3.7513022422790527
data\BraTS2021_slice\test\Ungood\img\01360_92.png,1,0.014942523092031479,0.014942523092031479,0.34142908453941345,4.228296756744385
data\BraTS2021_slice\test\Ungood\img\01362_60.png,1,0.015266111120581627,0.015266111120581627,0.4241195619106293,5.182158470153809
data\BraTS2021_slice\test\Ungood\img\01362_68.png,1,0.01471339724957943,0.01471339724957943,0.3871123492717743,4.795717239379883
data\BraTS2021_slice\test\Ungood\img\01362_76.png,1,0.015695413574576378,0.015695413574576378,0.4165756106376648,5.248630046844482
data\BraTS2021_slice\test\Ungood\img\01362_84.png,1,0.014689071103930473,0.014689071103930473,0.39288330078125,5.083721160888672
data\BraTS2021_slice\test\Ungood\img\01362_92.png,1,0.015409896150231361,0.015409896150231361,0.418592244386673,5.410233497619629
data\BraTS2021_slice\test\Ungood\img\01367_60.png,1,0.006605346221476793,0.006605346221476793,0.17217156291007996,1.9435179233551025
data\BraTS2021_slice\test\Ungood\img\01367_68.png,1,0.007088491693139076,0.007088491693139076,0.1776774525642395,2.2388663291931152
data\BraTS2021_slice\test\Ungood\img\01367_76.png,1,0.005965230520814657,0.005965230520814657,0.15099281072616577,1.9502326250076294
data\BraTS2021_slice\test\Ungood\img\01367_84.png,1,0.008052940480411053,0.008052940480411053,0.16209246218204498,2.0331645011901855
data\BraTS2021_slice\test\Ungood\img\01367_92.png,1,0.008086179383099079,0.008086179383099079,0.1540817767381668,2.0306854248046875
data\BraTS2021_slice\test\Ungood\img\01370_60.png,1,0.007670057471841574,0.007670057471841574,0.23683910071849823,2.5831899642944336
data\BraTS2021_slice\test\Ungood\img\01370_68.png,1,0.006238736677914858,0.006238736677914858,0.2130986601114273,2.545708656311035
data\BraTS2021_slice\test\Ungood\img\01370_76.png,1,0.00866613257676363,0.00866613257676363,0.21191582083702087,2.7936506271362305
data\BraTS2021_slice\test\Ungood\img\01370_84.png,1,0.009935053996741772,0.009935053996741772,0.2546204924583435,3.338233232498169
data\BraTS2021_slice\test\Ungood\img\01370_92.png,1,0.011544521898031235,0.011544521898031235,0.27951329946517944,3.6355321407318115
data\BraTS2021_slice\test\Ungood\img\01373_60.png,1,0.014193790964782238,0.014193790964782238,0.3662813901901245,5.149805545806885
data\BraTS2021_slice\test\Ungood\img\01373_68.png,1,0.014210578054189682,0.014210578054189682,0.3141408860683441,4.4771552085876465
data\BraTS2021_slice\test\Ungood\img\01373_76.png,1,0.012376749888062477,0.012376749888062477,0.24709974229335785,3.4937002658843994
data\BraTS2021_slice\test\Ungood\img\01373_84.png,1,0.007449290249496698,0.007449290249496698,0.19019530713558197,2.2990405559539795
data\BraTS2021_slice\test\Ungood\img\01373_92.png,1,0.007654499728232622,0.007654499728232622,0.19813571870326996,2.218611717224121
data\BraTS2021_slice\test\Ungood\img\01374_60.png,1,0.009010079316794872,0.009010079316794872,0.22866441309452057,2.9169840812683105
data\BraTS2021_slice\test\Ungood\img\01374_68.png,1,0.013060953468084335,0.013060953468084335,0.33558523654937744,4.4174699783325195
data\BraTS2021_slice\test\Ungood\img\01374_76.png,1,0.014774038456380367,0.014774038456380367,0.37674328684806824,4.819433212280273
data\BraTS2021_slice\test\Ungood\img\01374_84.png,1,0.017114240676164627,0.017114240676164627,0.3794945478439331,4.541731357574463
data\BraTS2021_slice\test\Ungood\img\01374_92.png,1,0.017499960958957672,0.017499960958957672,0.4045451283454895,4.7871246337890625
data\BraTS2021_slice\test\Ungood\img\01375_60.png,1,0.0078125,0.0078125,0.27182307839393616,2.845458984375
data\BraTS2021_slice\test\Ungood\img\01375_68.png,1,0.008210533298552036,0.008210533298552036,0.23398442566394806,2.916293144226074
data\BraTS2021_slice\test\Ungood\img\01375_76.png,1,0.009790008887648582,0.009790008887648582,0.2536635100841522,3.356783151626587
data\BraTS2021_slice\test\Ungood\img\01375_84.png,1,0.010051361285150051,0.010051361285150051,0.23612713813781738,3.18874454498291
data\BraTS2021_slice\test\Ungood\img\01375_92.png,1,0.00955585204064846,0.00955585204064846,0.22877459228038788,2.7816479206085205
data\BraTS2021_slice\test\Ungood\img\01378_60.png,1,0.012962465174496174,0.012962465174496174,0.4059496223926544,4.8685784339904785
data\BraTS2021_slice\test\Ungood\img\01378_68.png,1,0.010636240243911743,0.010636240243911743,0.33126625418663025,4.095914840698242
data\BraTS2021_slice\test\Ungood\img\01378_76.png,1,0.01111041009426117,0.01111041009426117,0.2991812527179718,3.860673189163208
data\BraTS2021_slice\test\Ungood\img\01378_84.png,1,0.012241163291037083,0.012241163291037083,0.3068835139274597,4.0681281089782715
data\BraTS2021_slice\test\Ungood\img\01378_92.png,1,0.012537042610347271,0.012537042610347271,0.2654571831226349,3.480233907699585
data\BraTS2021_slice\test\Ungood\img\01379_60.png,1,0.010131100192666054,0.010131100192666054,0.2759072482585907,3.379183292388916
data\BraTS2021_slice\test\Ungood\img\01379_68.png,1,0.008450228720903397,0.008450228720903397,0.23476575314998627,2.787933349609375
data\BraTS2021_slice\test\Ungood\img\01379_76.png,1,0.010051361285150051,0.010051361285150051,0.27181196212768555,3.3957669734954834
data\BraTS2021_slice\test\Ungood\img\01379_84.png,1,0.009658223018050194,0.009658223018050194,0.23193417489528656,3.1255292892456055
data\BraTS2021_slice\test\Ungood\img\01379_92.png,1,0.009747297503054142,0.009747297503054142,0.2287403643131256,3.0390775203704834
data\BraTS2021_slice\test\Ungood\img\01380_60.png,1,0.006505328230559826,0.006505328230559826,0.17459744215011597,1.9491207599639893
data\BraTS2021_slice\test\Ungood\img\01380_68.png,1,0.0072052511386573315,0.0072052511386573315,0.1590985506772995,1.7491575479507446
data\BraTS2021_slice\test\Ungood\img\01380_76.png,1,0.008610934019088745,0.008610934019088745,0.18130996823310852,2.1119048595428467
data\BraTS2021_slice\test\Ungood\img\01380_84.png,1,0.008812766522169113,0.008812766522169113,0.18654023110866547,2.282930850982666
data\BraTS2021_slice\test\Ungood\img\01380_92.png,1,0.008859983645379543,0.008859983645379543,0.14136528968811035,1.7145830392837524
data\BraTS2021_slice\test\Ungood\img\01384_60.png,1,0.014920568093657494,0.014920568093657494,0.3598004877567291,4.641478538513184
data\BraTS2021_slice\test\Ungood\img\01384_68.png,1,0.0175713412463665,0.0175713412463665,0.42888128757476807,5.08794641494751
data\BraTS2021_slice\test\Ungood\img\01384_76.png,1,0.015166223049163818,0.015166223049163818,0.38875532150268555,4.739307880401611
data\BraTS2021_slice\test\Ungood\img\01384_84.png,1,0.016838625073432922,0.016838625073432922,0.3795900344848633,4.673849105834961
data\BraTS2021_slice\test\Ungood\img\01384_92.png,1,0.014898580498993397,0.014898580498993397,0.411340594291687,5.212856292724609
data\BraTS2021_slice\test\Ungood\img\01385_60.png,1,0.01110504474490881,0.01110504474490881,0.26817113161087036,3.469949722290039
data\BraTS2021_slice\test\Ungood\img\01385_68.png,1,0.01855950616300106,0.01855950616300106,0.4732525050640106,6.268491268157959
data\BraTS2021_slice\test\Ungood\img\01385_76.png,1,0.01965445838868618,0.01965445838868618,0.5818896293640137,7.256089687347412
data\BraTS2021_slice\test\Ungood\img\01385_84.png,1,0.018797243013978004,0.018797243013978004,0.5386184453964233,6.415631294250488
data\BraTS2021_slice\test\Ungood\img\01385_92.png,1,0.017598457634449005,0.017598457634449005,0.50804603099823,6.385274410247803
data\BraTS2021_slice\test\Ungood\img\01386_60.png,1,0.012506102211773396,0.012506102211773396,0.29016461968421936,3.3882133960723877
data\BraTS2021_slice\test\Ungood\img\01386_68.png,1,0.016163142397999763,0.016163142397999763,0.3684300482273102,3.602240800857544
data\BraTS2021_slice\test\Ungood\img\01386_76.png,1,0.01611882820725441,0.01611882820725441,0.37110573053359985,3.6414005756378174
data\BraTS2021_slice\test\Ungood\img\01386_84.png,1,0.014658606611192226,0.014658606611192226,0.4056762754917145,4.212289333343506
data\BraTS2021_slice\test\Ungood\img\01386_92.png,1,0.0162569060921669,0.0162569060921669,0.41780033707618713,4.774435520172119
data\BraTS2021_slice\test\Ungood\img\01387_60.png,1,0.008638577535748482,0.008638577535748482,0.21362745761871338,2.423262119293213
data\BraTS2021_slice\test\Ungood\img\01387_68.png,1,0.009023300372064114,0.009023300372064114,0.18283046782016754,2.079091787338257
data\BraTS2021_slice\test\Ungood\img\01387_76.png,1,0.007299764081835747,0.007299764081835747,0.16333016753196716,1.8352506160736084
data\BraTS2021_slice\test\Ungood\img\01387_84.png,1,0.008579728193581104,0.008579728193581104,0.15100480616092682,1.8375766277313232
data\BraTS2021_slice\test\Ungood\img\01387_92.png,1,0.004870590288192034,0.004870590288192034,0.11776735633611679,1.3466007709503174
data\BraTS2021_slice\test\Ungood\img\01388_60.png,1,0.008196000941097736,0.008196000941097736,0.23403261601924896,2.886741876602173
data\BraTS2021_slice\test\Ungood\img\01388_68.png,1,0.01441463828086853,0.01441463828086853,0.3308962285518646,4.4187164306640625
data\BraTS2021_slice\test\Ungood\img\01388_76.png,1,0.015361471101641655,0.015361471101641655,0.3970475196838379,5.349775791168213
data\BraTS2021_slice\test\Ungood\img\01388_84.png,1,0.018658798187971115,0.018658798187971115,0.4936428368091583,5.919445991516113
data\BraTS2021_slice\test\Ungood\img\01388_92.png,1,0.02678212709724903,0.02678212709724903,0.5335350036621094,7.4016008377075195
data\BraTS2021_slice\test\Ungood\img\01391_60.png,1,0.011446003802120686,0.011446003802120686,0.263818621635437,3.1025002002716064
data\BraTS2021_slice\test\Ungood\img\01391_68.png,1,0.01300378330051899,0.01300378330051899,0.27633628249168396,3.344578504562378
data\BraTS2021_slice\test\Ungood\img\01391_76.png,1,0.01264827512204647,0.01264827512204647,0.306265652179718,3.5439724922180176
data\BraTS2021_slice\test\Ungood\img\01391_84.png,1,0.015077536925673485,0.015077536925673485,0.3031062185764313,3.442119836807251
data\BraTS2021_slice\test\Ungood\img\01391_92.png,1,0.015987016260623932,0.015987016260623932,0.39017972350120544,4.582595348358154
data\BraTS2021_slice\test\Ungood\img\01392_60.png,1,0.008826282806694508,0.008826282806694508,0.26293548941612244,2.7403812408447266
data\BraTS2021_slice\test\Ungood\img\01392_68.png,1,0.010421115905046463,0.010421115905046463,0.33547115325927734,4.459445476531982
data\BraTS2021_slice\test\Ungood\img\01392_76.png,1,0.01492456253618002,0.01492456253618002,0.36201632022857666,5.453763484954834
data\BraTS2021_slice\test\Ungood\img\01392_84.png,1,0.016828002408146858,0.016828002408146858,0.34372392296791077,5.255117416381836
data\BraTS2021_slice\test\Ungood\img\01392_92.png,1,0.007401125971227884,0.007401125971227884,0.21771113574504852,2.728701114654541
data\BraTS2021_slice\test\Ungood\img\01396_60.png,1,0.007611551322042942,0.007611551322042942,0.2258998602628708,2.5360114574432373
data\BraTS2021_slice\test\Ungood\img\01396_68.png,1,0.006862045731395483,0.006862045731395483,0.1861218512058258,2.087190866470337
data\BraTS2021_slice\test\Ungood\img\01396_76.png,1,0.008758491836488247,0.008758491836488247,0.18078409135341644,2.13437557220459
data\BraTS2021_slice\test\Ungood\img\01396_84.png,1,0.00732421875,0.00732421875,0.1714831292629242,2.092966079711914
data\BraTS2021_slice\test\Ungood\img\01396_92.png,1,0.008635126985609531,0.008635126985609531,0.15465281903743744,1.8683984279632568
data\BraTS2021_slice\test\Ungood\img\01399_60.png,1,0.007307924795895815,0.007307924795895815,0.2103300392627716,2.4787936210632324
data\BraTS2021_slice\test\Ungood\img\01399_68.png,1,0.007336415816098452,0.007336415816098452,0.19638556241989136,2.461352586746216
data\BraTS2021_slice\test\Ungood\img\01399_76.png,1,0.01006617583334446,0.01006617583334446,0.21292318403720856,2.930950403213501
data\BraTS2021_slice\test\Ungood\img\01399_84.png,1,0.009874877519905567,0.009874877519905567,0.21468062698841095,2.984333038330078
data\BraTS2021_slice\test\Ungood\img\01399_92.png,1,0.007903522811830044,0.007903522811830044,0.18457987904548645,2.3832638263702393
data\BraTS2021_slice\test\Ungood\img\01400_60.png,1,0.009956029243767262,0.009956029243767262,0.22797176241874695,2.554934024810791
data\BraTS2021_slice\test\Ungood\img\01400_68.png,1,0.012059656903147697,0.012059656903147697,0.2520475685596466,2.860293388366699
data\BraTS2021_slice\test\Ungood\img\01400_76.png,1,0.012260624207556248,0.012260624207556248,0.2107967734336853,2.4465179443359375
data\BraTS2021_slice\test\Ungood\img\01400_84.png,1,0.012758538126945496,0.012758538126945496,0.2255248725414276,2.661928653717041
data\BraTS2021_slice\test\Ungood\img\01400_92.png,1,0.011113092303276062,0.011113092303276062,0.2473287433385849,2.83358097076416
data\BraTS2021_slice\test\Ungood\img\01401_60.png,1,0.019614994525909424,0.019614994525909424,0.4019503593444824,5.302867889404297
data\BraTS2021_slice\test\Ungood\img\01401_68.png,1,0.016965577378869057,0.016965577378869057,0.41057369112968445,5.000113487243652
data\BraTS2021_slice\test\Ungood\img\01401_76.png,1,0.016284380108118057,0.016284380108118057,0.4040234386920929,5.291772365570068
data\BraTS2021_slice\test\Ungood\img\01401_84.png,1,0.017000673338770866,0.017000673338770866,0.4406663179397583,5.350582599639893
data\BraTS2021_slice\test\Ungood\img\01401_92.png,1,0.015421495772898197,0.015421495772898197,0.3674776554107666,5.216955184936523
data\BraTS2021_slice\test\Ungood\img\01402_60.png,1,0.007429259829223156,0.007429259829223156,0.16965581476688385,1.8023655414581299
data\BraTS2021_slice\test\Ungood\img\01402_68.png,1,0.008181443437933922,0.008181443437933922,0.16190651059150696,1.8981913328170776
data\BraTS2021_slice\test\Ungood\img\01402_76.png,1,0.00850647035986185,0.00850647035986185,0.16458755731582642,1.9686861038208008
data\BraTS2021_slice\test\Ungood\img\01402_84.png,1,0.0068880547769367695,0.0068880547769367695,0.15726859867572784,1.8737742900848389
data\BraTS2021_slice\test\Ungood\img\01402_92.png,1,0.007054776884615421,0.007054776884615421,0.1733095347881317,2.1860170364379883
data\BraTS2021_slice\test\Ungood\img\01403_60.png,1,0.009611826390028,0.009611826390028,0.30082210898399353,3.6522576808929443
data\BraTS2021_slice\test\Ungood\img\01403_68.png,1,0.012318824417889118,0.012318824417889118,0.3207255005836487,4.351212978363037
data\BraTS2021_slice\test\Ungood\img\01403_76.png,1,0.013909589499235153,0.013909589499235153,0.49964436888694763,5.6732892990112305
data\BraTS2021_slice\test\Ungood\img\01403_84.png,1,0.015207433141767979,0.015207433141767979,0.4072287380695343,4.696380615234375
data\BraTS2021_slice\test\Ungood\img\01403_92.png,1,0.013063234277069569,0.013063234277069569,0.4495464265346527,5.294960021972656
data\BraTS2021_slice\test\Ungood\img\01406_60.png,1,0.012962465174496174,0.012962465174496174,0.31492942571640015,3.6309103965759277
data\BraTS2021_slice\test\Ungood\img\01406_68.png,1,0.014206383377313614,0.014206383377313614,0.26924291253089905,3.308987855911255
data\BraTS2021_slice\test\Ungood\img\01406_76.png,1,0.015305105596780777,0.015305105596780777,0.3118038475513458,3.594226121902466
data\BraTS2021_slice\test\Ungood\img\01406_84.png,1,0.011814993806183338,0.011814993806183338,0.34815266728401184,4.175398349761963
data\BraTS2021_slice\test\Ungood\img\01406_92.png,1,0.011995232664048672,0.011995232664048672,0.25899291038513184,3.6798131465911865
data\BraTS2021_slice\test\Ungood\img\01409_60.png,1,0.008071423508226871,0.008071423508226871,0.22581100463867188,2.5925989151000977
data\BraTS2021_slice\test\Ungood\img\01409_68.png,1,0.009701326489448547,0.009701326489448547,0.23574602603912354,3.238910675048828
data\BraTS2021_slice\test\Ungood\img\01409_76.png,1,0.012529909610748291,0.012529909610748291,0.2975897789001465,4.384847640991211
data\BraTS2021_slice\test\Ungood\img\01409_84.png,1,0.009716673754155636,0.009716673754155636,0.2733432352542877,3.6421761512756348
data\BraTS2021_slice\test\Ungood\img\01409_92.png,1,0.00727522699162364,0.00727522699162364,0.21207383275032043,2.699214458465576
data\BraTS2021_slice\test\Ungood\img\01410_60.png,1,0.0067878118716180325,0.0067878118716180325,0.30516090989112854,3.58923077583313
data\BraTS2021_slice\test\Ungood\img\01410_68.png,1,0.016247738152742386,0.016247738152742386,0.4134514331817627,5.589773178100586
data\BraTS2021_slice\test\Ungood\img\01410_76.png,1,0.01930718682706356,0.01930718682706356,0.4981595277786255,5.8420538902282715
data\BraTS2021_slice\test\Ungood\img\01410_84.png,1,0.020493274554610252,0.020493274554610252,0.5979766845703125,6.8675737380981445
data\BraTS2021_slice\test\Ungood\img\01410_92.png,1,0.018771858885884285,0.018771858885884285,0.5103992819786072,6.269166469573975
data\BraTS2021_slice\test\Ungood\img\01411_60.png,1,0.01298543531447649,0.01298543531447649,0.235610693693161,2.875201463699341
data\BraTS2021_slice\test\Ungood\img\01411_68.png,1,0.013780435547232628,0.013780435547232628,0.33117151260375977,3.8561086654663086
data\BraTS2021_slice\test\Ungood\img\01411_76.png,1,0.014994289726018906,0.014994289726018906,0.24890443682670593,3.1385016441345215
data\BraTS2021_slice\test\Ungood\img\01411_84.png,1,0.011526437476277351,0.011526437476277351,0.2726902365684509,3.04008150100708
data\BraTS2021_slice\test\Ungood\img\01411_92.png,1,0.010083924047648907,0.010083924047648907,0.22692133486270905,2.748509407043457
data\BraTS2021_slice\test\Ungood\img\01413_60.png,1,0.009590097703039646,0.009590097703039646,0.16519957780838013,1.8028422594070435
data\BraTS2021_slice\test\Ungood\img\01413_68.png,1,0.014258732087910175,0.014258732087910175,0.21470554172992706,2.26882004737854
data\BraTS2021_slice\test\Ungood\img\01413_76.png,1,0.014464173465967178,0.014464173465967178,0.23026059567928314,2.2529189586639404
data\BraTS2021_slice\test\Ungood\img\01413_84.png,1,0.014406365342438221,0.014406365342438221,0.24607031047344208,2.368974208831787
data\BraTS2021_slice\test\Ungood\img\01413_92.png,1,0.013747957535088062,0.013747957535088062,0.3575342297554016,3.284865379333496
data\BraTS2021_slice\test\Ungood\img\01414_60.png,1,0.006618868093937635,0.006618868093937635,0.18144533038139343,2.0074775218963623
data\BraTS2021_slice\test\Ungood\img\01414_68.png,1,0.00964278168976307,0.00964278168976307,0.1771678328514099,2.3609352111816406
data\BraTS2021_slice\test\Ungood\img\01414_76.png,1,0.013660971075296402,0.013660971075296402,0.19591280817985535,2.816255807876587
data\BraTS2021_slice\test\Ungood\img\01414_84.png,1,0.012371933087706566,0.012371933087706566,0.19378110766410828,2.4366703033447266
data\BraTS2021_slice\test\Ungood\img\01414_92.png,1,0.015409896150231361,0.015409896150231361,0.21267791092395782,2.6158287525177
data\BraTS2021_slice\test\Ungood\img\01415_60.png,1,0.008614393882453442,0.008614393882453442,0.1831134557723999,1.9564480781555176
data\BraTS2021_slice\test\Ungood\img\01415_68.png,1,0.009322208352386951,0.009322208352386951,0.18874113261699677,2.1824028491973877
data\BraTS2021_slice\test\Ungood\img\01415_76.png,1,0.009366858750581741,0.009366858750581741,0.1822308748960495,2.1336746215820312
data\BraTS2021_slice\test\Ungood\img\01415_84.png,1,0.008478396572172642,0.008478396572172642,0.21768134832382202,2.677159070968628
data\BraTS2021_slice\test\Ungood\img\01415_92.png,1,0.0086074722930789,0.0086074722930789,0.28138312697410583,2.983250379562378
data\BraTS2021_slice\test\Ungood\img\01416_60.png,1,0.013590982183814049,0.013590982183814049,0.39047741889953613,3.6442885398864746
data\BraTS2021_slice\test\Ungood\img\01416_68.png,1,0.016642799600958824,0.016642799600958824,0.3947945237159729,3.8581931591033936
data\BraTS2021_slice\test\Ungood\img\01416_76.png,1,0.016393819823861122,0.016393819823861122,0.3882160484790802,3.771183729171753
data\BraTS2021_slice\test\Ungood\img\01416_84.png,1,0.01600564830005169,0.01600564830005169,0.40374499559402466,3.6851413249969482
data\BraTS2021_slice\test\Ungood\img\01416_92.png,1,0.016003785654902458,0.016003785654902458,0.42812711000442505,3.5917506217956543
data\BraTS2021_slice\test\Ungood\img\01418_60.png,1,0.008115610107779503,0.008115610107779503,0.12718001008033752,1.1876602172851562
data\BraTS2021_slice\test\Ungood\img\01418_68.png,1,0.010896442458033562,0.010896442458033562,0.14011427760124207,1.503265380859375
data\BraTS2021_slice\test\Ungood\img\01418_76.png,1,0.009713606908917427,0.009713606908917427,0.13317768275737762,1.3673919439315796
data\BraTS2021_slice\test\Ungood\img\01418_84.png,1,0.010783721692860126,0.010783721692860126,0.14642570912837982,1.6211788654327393
data\BraTS2021_slice\test\Ungood\img\01418_92.png,1,0.011251678690314293,0.011251678690314293,0.1578352004289627,1.914198875427246
data\BraTS2021_slice\test\Ungood\img\01419_60.png,1,0.008214161731302738,0.008214161731302738,0.1993960738182068,2.2520461082458496
data\BraTS2021_slice\test\Ungood\img\01419_68.png,1,0.012096669524908066,0.012096669524908066,0.1802418977022171,2.1032092571258545
data\BraTS2021_slice\test\Ungood\img\01419_76.png,1,0.012570278719067574,0.012570278719067574,0.18659602105617523,2.1913998126983643
data\BraTS2021_slice\test\Ungood\img\01419_84.png,1,0.013687125407159328,0.013687125407159328,0.2579573690891266,3.034719944000244
data\BraTS2021_slice\test\Ungood\img\01419_92.png,1,0.016081808134913445,0.016081808134913445,0.28652238845825195,3.088381052017212
data\BraTS2021_slice\test\Ungood\img\01424_60.png,1,0.008325875736773014,0.008325875736773014,0.15649645030498505,1.8455973863601685
data\BraTS2021_slice\test\Ungood\img\01424_68.png,1,0.008485423400998116,0.008485423400998116,0.12894047796726227,1.4167506694793701
data\BraTS2021_slice\test\Ungood\img\01424_76.png,1,0.01011638157069683,0.01011638157069683,0.14048409461975098,1.6029545068740845
data\BraTS2021_slice\test\Ungood\img\01424_84.png,1,0.009245163761079311,0.009245163761079311,0.1261528730392456,1.4631668329238892
data\BraTS2021_slice\test\Ungood\img\01424_92.png,1,0.008806000463664532,0.008806000463664532,0.13515758514404297,1.6718037128448486
data\BraTS2021_slice\test\Ungood\img\01425_60.png,1,0.007142938673496246,0.007142938673496246,0.22873376309871674,2.600330352783203
data\BraTS2021_slice\test\Ungood\img\01425_68.png,1,0.010107539594173431,0.010107539594173431,0.17304053902626038,1.8927630186080933
data\BraTS2021_slice\test\Ungood\img\01425_76.png,1,0.011155917309224606,0.011155917309224606,0.16589485108852386,1.7210110425949097
data\BraTS2021_slice\test\Ungood\img\01425_84.png,1,0.009765625,0.009765625,0.15076762437820435,1.6672370433807373
data\BraTS2021_slice\test\Ungood\img\01425_92.png,1,0.010844351723790169,0.010844351723790169,0.15846559405326843,1.695000410079956
data\BraTS2021_slice\test\Ungood\img\01428_60.png,1,0.009131642989814281,0.009131642989814281,0.16882634162902832,1.9799891710281372
data\BraTS2021_slice\test\Ungood\img\01428_68.png,1,0.0068359375,0.0068359375,0.14022183418273926,1.7761847972869873
data\BraTS2021_slice\test\Ungood\img\01428_76.png,1,0.006991123780608177,0.006991123780608177,0.1325194388628006,1.6025104522705078
data\BraTS2021_slice\test\Ungood\img\01428_84.png,1,0.006982592400163412,0.006982592400163412,0.14081339538097382,1.5796617269515991
data\BraTS2021_slice\test\Ungood\img\01428_92.png,1,0.008108262903988361,0.008108262903988361,0.22389990091323853,2.5707144737243652
data\BraTS2021_slice\test\Ungood\img\01429_60.png,1,0.010080968029797077,0.010080968029797077,0.18481656908988953,2.0194578170776367
data\BraTS2021_slice\test\Ungood\img\01429_68.png,1,0.010012742131948471,0.010012742131948471,0.1963883638381958,2.0850560665130615
data\BraTS2021_slice\test\Ungood\img\01429_76.png,1,0.007873298600316048,0.007873298600316048,0.15294601023197174,1.597840428352356
data\BraTS2021_slice\test\Ungood\img\01429_84.png,1,0.007677824702113867,0.007677824702113867,0.1430104523897171,1.6381721496582031
data\BraTS2021_slice\test\Ungood\img\01429_92.png,1,0.008343753404915333,0.008343753404915333,0.1339518278837204,1.5919486284255981
data\BraTS2021_slice\test\Ungood\img\01430_60.png,1,0.009157714433968067,0.009157714433968067,0.22766289114952087,2.6146321296691895
data\BraTS2021_slice\test\Ungood\img\01430_68.png,1,0.007789578288793564,0.007789578288793564,0.17776289582252502,2.0743744373321533
data\BraTS2021_slice\test\Ungood\img\01430_76.png,1,0.0076933354139328,0.0076933354139328,0.1890789270401001,2.0783708095550537
data\BraTS2021_slice\test\Ungood\img\01430_84.png,1,0.008772091940045357,0.008772091940045357,0.18245506286621094,2.1075689792633057
data\BraTS2021_slice\test\Ungood\img\01430_92.png,1,0.008436109870672226,0.008436109870672226,0.16054564714431763,1.8232327699661255
data\BraTS2021_slice\test\Ungood\img\01432_60.png,1,0.01711946353316307,0.01711946353316307,0.3895188271999359,3.7905654907226562
data\BraTS2021_slice\test\Ungood\img\01432_68.png,1,0.017596764490008354,0.017596764490008354,0.477426677942276,4.132333755493164
data\BraTS2021_slice\test\Ungood\img\01432_76.png,1,0.01748121902346611,0.01748121902346611,0.4850963056087494,3.8342835903167725
data\BraTS2021_slice\test\Ungood\img\01432_84.png,1,0.01923295110464096,0.01923295110464096,0.5978866219520569,4.16908597946167
data\BraTS2021_slice\test\Ungood\img\01432_92.png,1,0.017983736470341682,0.017983736470341682,0.5343166589736938,3.774512529373169
data\BraTS2021_slice\test\Ungood\img\01433_60.png,1,0.0075169941410422325,0.0075169941410422325,0.17980481684207916,2.019411563873291
data\BraTS2021_slice\test\Ungood\img\01433_68.png,1,0.0071845403872430325,0.0071845403872430325,0.12229672074317932,1.3179268836975098
data\BraTS2021_slice\test\Ungood\img\01433_76.png,1,0.007982315495610237,0.007982315495610237,0.12047091871500015,1.3049004077911377
data\BraTS2021_slice\test\Ungood\img\01433_84.png,1,0.008152250200510025,0.008152250200510025,0.12113873660564423,1.343634009361267
data\BraTS2021_slice\test\Ungood\img\01433_92.png,1,0.008617852814495564,0.008617852814495564,0.13930897414684296,1.6468065977096558
data\BraTS2021_slice\test\Ungood\img\01436_60.png,1,0.007907292805612087,0.007907292805612087,0.2731466591358185,3.1623871326446533
data\BraTS2021_slice\test\Ungood\img\01436_68.png,1,0.009258049540221691,0.009258049540221691,0.2037905603647232,2.460632085800171
data\BraTS2021_slice\test\Ungood\img\01436_76.png,1,0.007911060005426407,0.007911060005426407,0.17054446041584015,2.032926321029663
data\BraTS2021_slice\test\Ungood\img\01436_84.png,1,0.008015846833586693,0.008015846833586693,0.11975768953561783,1.4253528118133545
data\BraTS2021_slice\test\Ungood\img\01436_92.png,1,0.01017220038920641,0.01017220038920641,0.14812996983528137,1.843536138534546
data\BraTS2021_slice\test\Ungood\img\01444_60.png,1,0.01782728172838688,0.01782728172838688,0.42727890610694885,5.011990070343018
data\BraTS2021_slice\test\Ungood\img\01444_68.png,1,0.01804329641163349,0.01804329641163349,0.4351736009120941,4.820390701293945
data\BraTS2021_slice\test\Ungood\img\01444_76.png,1,0.016205495223402977,0.016205495223402977,0.3901112973690033,4.365664958953857
data\BraTS2021_slice\test\Ungood\img\01444_84.png,1,0.012383971363306046,0.012383971363306046,0.33667534589767456,4.319565296173096
data\BraTS2021_slice\test\Ungood\img\01444_92.png,1,0.009235488250851631,0.009235488250851631,0.27980610728263855,3.635679244995117
data\BraTS2021_slice\test\Ungood\img\01445_60.png,1,0.0070842863060534,0.0070842863060534,0.21010708808898926,2.503840208053589
data\BraTS2021_slice\test\Ungood\img\01445_68.png,1,0.012563164345920086,0.012563164345920086,0.2890605330467224,3.8955132961273193
data\BraTS2021_slice\test\Ungood\img\01445_76.png,1,0.014012055471539497,0.014012055471539497,0.2916300892829895,3.8266947269439697
data\BraTS2021_slice\test\Ungood\img\01445_84.png,1,0.014225251041352749,0.014225251041352749,0.3449054956436157,4.4507737159729
data\BraTS2021_slice\test\Ungood\img\01445_92.png,1,0.015714390203356743,0.015714390203356743,0.3275417983531952,4.20914888381958
data\BraTS2021_slice\test\Ungood\img\01449_60.png,1,0.007437278516590595,0.007437278516590595,0.15573370456695557,1.892258882522583
data\BraTS2021_slice\test\Ungood\img\01449_68.png,1,0.005899924784898758,0.005899924784898758,0.13557837903499603,1.618692398071289
data\BraTS2021_slice\test\Ungood\img\01449_76.png,1,0.0047654346562922,0.0047654346562922,0.14174170792102814,1.8145006895065308
data\BraTS2021_slice\test\Ungood\img\01449_84.png,1,0.005884751211851835,0.005884751211851835,0.14140109717845917,1.8506999015808105
data\BraTS2021_slice\test\Ungood\img\01449_92.png,1,0.007142938673496246,0.007142938673496246,0.13063398003578186,1.7810132503509521
data\BraTS2021_slice\test\Ungood\img\01454_60.png,1,0.008019564673304558,0.008019564673304558,0.16836145520210266,1.8376129865646362
data\BraTS2021_slice\test\Ungood\img\01454_68.png,1,0.006948363967239857,0.006948363967239857,0.172284334897995,1.9974074363708496
data\BraTS2021_slice\test\Ungood\img\01454_76.png,1,0.008555378764867783,0.008555378764867783,0.17658834159374237,2.1854496002197266
data\BraTS2021_slice\test\Ungood\img\01454_84.png,1,0.008126619271934032,0.008126619271934032,0.1809321641921997,2.2982194423675537
data\BraTS2021_slice\test\Ungood\img\01454_92.png,1,0.023289531469345093,0.023289531469345093,0.3100389242172241,4.961091041564941
data\BraTS2021_slice\test\Ungood\img\01455_60.png,1,0.009019996970891953,0.009019996970891953,0.2250252217054367,2.6798434257507324
data\BraTS2021_slice\test\Ungood\img\01455_68.png,1,0.01351842563599348,0.01351842563599348,0.270650714635849,3.346316337585449
data\BraTS2021_slice\test\Ungood\img\01455_76.png,1,0.016608741134405136,0.016608741134405136,0.33882424235343933,3.8461921215057373
data\BraTS2021_slice\test\Ungood\img\01455_84.png,1,0.013621646910905838,0.013621646910905838,0.31650009751319885,3.366969108581543
data\BraTS2021_slice\test\Ungood\img\01455_92.png,1,0.014416705816984177,0.014416705816984177,0.30255189538002014,3.1995742321014404
data\BraTS2021_slice\test\Ungood\img\01458_60.png,1,0.011588324792683125,0.011588324792683125,0.3147491216659546,3.0859010219573975
data\BraTS2021_slice\test\Ungood\img\01458_68.png,1,0.011915463022887707,0.011915463022887707,0.2848146855831146,3.446546792984009
data\BraTS2021_slice\test\Ungood\img\01458_76.png,1,0.013095134869217873,0.013095134869217873,0.2748965919017792,3.6252753734588623
data\BraTS2021_slice\test\Ungood\img\01458_84.png,1,0.015324565581977367,0.015324565581977367,0.2797110676765442,3.6499710083007812
data\BraTS2021_slice\test\Ungood\img\01458_92.png,1,0.014840456657111645,0.014840456657111645,0.2555620074272156,3.5091092586517334
data\BraTS2021_slice\test\Ungood\img\01461_60.png,1,0.014488876797258854,0.014488876797258854,0.32315289974212646,4.173195838928223
data\BraTS2021_slice\test\Ungood\img\01461_68.png,1,0.013758791610598564,0.013758791610598564,0.24554018676280975,3.138707160949707
data\BraTS2021_slice\test\Ungood\img\01461_76.png,1,0.00715544493868947,0.00715544493868947,0.18563322722911835,2.2241597175598145
data\BraTS2021_slice\test\Ungood\img\01461_84.png,1,0.006357039324939251,0.006357039324939251,0.1682785600423813,2.023583173751831
data\BraTS2021_slice\test\Ungood\img\01461_92.png,1,0.007441284600645304,0.007441284600645304,0.1723548322916031,2.0278289318084717
data\BraTS2021_slice\test\Ungood\img\01462_60.png,1,0.0071679288521409035,0.0071679288521409035,0.24221330881118774,2.785583019256592
data\BraTS2021_slice\test\Ungood\img\01462_68.png,1,0.007701079361140728,0.007701079361140728,0.21993575990200043,2.59834623336792
data\BraTS2021_slice\test\Ungood\img\01462_76.png,1,0.009442909620702267,0.009442909620702267,0.2510198652744293,2.96212100982666
data\BraTS2021_slice\test\Ungood\img\01462_84.png,1,0.01045822724699974,0.01045822724699974,0.22879937291145325,2.6060256958007812
data\BraTS2021_slice\test\Ungood\img\01462_92.png,1,0.010366637259721756,0.010366637259721756,0.2152281403541565,2.2931389808654785
data\BraTS2021_slice\test\Ungood\img\01463_60.png,1,0.011312434449791908,0.011312434449791908,0.21689248085021973,2.366546630859375
data\BraTS2021_slice\test\Ungood\img\01463_68.png,1,0.012111442163586617,0.012111442163586617,0.20345185697078705,2.3778886795043945
data\BraTS2021_slice\test\Ungood\img\01463_76.png,1,0.014577056281268597,0.014577056281268597,0.30173763632774353,2.9990532398223877
data\BraTS2021_slice\test\Ungood\img\01463_84.png,1,0.016949759796261787,0.016949759796261787,0.3361099064350128,3.3424527645111084
data\BraTS2021_slice\test\Ungood\img\01463_92.png,1,0.016001923009753227,0.016001923009753227,0.41578540205955505,4.35498571395874
data\BraTS2021_slice\test\Ungood\img\01465_60.png,1,0.0071845403872430325,0.0071845403872430325,0.1631789654493332,1.948442816734314
data\BraTS2021_slice\test\Ungood\img\01465_68.png,1,0.014662671834230423,0.014662671834230423,0.2574482262134552,3.6338982582092285
data\BraTS2021_slice\test\Ungood\img\01465_76.png,1,0.01616867259144783,0.01616867259144783,0.3848044276237488,4.888422012329102
data\BraTS2021_slice\test\Ungood\img\01465_84.png,1,0.018219172954559326,0.018219172954559326,0.44180554151535034,5.296072483062744
data\BraTS2021_slice\test\Ungood\img\01465_92.png,1,0.01890159398317337,0.01890159398317337,0.44799163937568665,5.335405349731445
data\BraTS2021_slice\test\Ungood\img\01466_60.png,1,0.023775838315486908,0.023775838315486908,0.45339125394821167,5.7372822761535645
data\BraTS2021_slice\test\Ungood\img\01466_68.png,1,0.020181143656373024,0.020181143656373024,0.4611133635044098,5.802636623382568
data\BraTS2021_slice\test\Ungood\img\01466_76.png,1,0.017817247658967972,0.017817247658967972,0.47220152616500854,5.86306619644165
data\BraTS2021_slice\test\Ungood\img\01466_84.png,1,0.017390629276633263,0.017390629276633263,0.46522098779678345,5.613315582275391
data\BraTS2021_slice\test\Ungood\img\01466_92.png,1,0.012697659432888031,0.012697659432888031,0.2719006836414337,3.692046642303467
data\BraTS2021_slice\test\Ungood\img\01467_60.png,1,0.007134589366614819,0.007134589366614819,0.27995800971984863,3.1994941234588623
data\BraTS2021_slice\test\Ungood\img\01467_68.png,1,0.009016691707074642,0.009016691707074642,0.1838580220937729,2.546118974685669
data\BraTS2021_slice\test\Ungood\img\01467_76.png,1,0.014585231430828571,0.014585231430828571,0.26198717951774597,3.334599494934082
data\BraTS2021_slice\test\Ungood\img\01467_84.png,1,0.014802251942455769,0.014802251942455769,0.3233782947063446,3.494750499725342
data\BraTS2021_slice\test\Ungood\img\01467_92.png,1,0.015328453853726387,0.015328453853726387,0.3882999122142792,3.836357355117798
data\BraTS2021_slice\test\Ungood\img\01471_60.png,1,0.010653039440512657,0.010653039440512657,0.16924293339252472,2.1305160522460938
data\BraTS2021_slice\test\Ungood\img\01471_68.png,1,0.008996838703751564,0.008996838703751564,0.20022650063037872,2.6008806228637695
data\BraTS2021_slice\test\Ungood\img\01471_76.png,1,0.014621964655816555,0.014621964655816555,0.2914564311504364,3.7845096588134766
data\BraTS2021_slice\test\Ungood\img\01471_84.png,1,0.016909271478652954,0.016909271478652954,0.3102377653121948,3.7381982803344727
data\BraTS2021_slice\test\Ungood\img\01471_92.png,1,0.01742658019065857,0.01742658019065857,0.2876245677471161,3.32930850982666
data\BraTS2021_slice\test\Ungood\img\01473_60.png,1,0.02001655288040638,0.02001655288040638,0.40065887570381165,5.67989444732666
data\BraTS2021_slice\test\Ungood\img\01473_68.png,1,0.025781989097595215,0.025781989097595215,0.5916293859481812,8.620051383972168
data\BraTS2021_slice\test\Ungood\img\01473_76.png,1,0.02373443730175495,0.02373443730175495,0.5541903972625732,8.00020980834961
data\BraTS2021_slice\test\Ungood\img\01473_84.png,1,0.012470305897295475,0.012470305897295475,0.24823172390460968,3.452803611755371
data\BraTS2021_slice\test\Ungood\img\01473_92.png,1,0.0089736208319664,0.0089736208319664,0.20533302426338196,2.42236328125
data\BraTS2021_slice\test\Ungood\img\01475_60.png,1,0.00888349860906601,0.00888349860906601,0.27352726459503174,3.0253067016601562
data\BraTS2021_slice\test\Ungood\img\01475_68.png,1,0.01011638157069683,0.01011638157069683,0.26991623640060425,2.955655097961426
data\BraTS2021_slice\test\Ungood\img\01475_76.png,1,0.009568319655954838,0.009568319655954838,0.24561592936515808,2.81107497215271
data\BraTS2021_slice\test\Ungood\img\01475_84.png,1,0.010675395838916302,0.010675395838916302,0.23373404145240784,2.7585155963897705
data\BraTS2021_slice\test\Ungood\img\01475_92.png,1,0.011601176112890244,0.011601176112890244,0.2469119131565094,2.71872878074646
data\BraTS2021_slice\test\Ungood\img\01476_60.png,1,0.008886853232979774,0.008886853232979774,0.3232118487358093,3.5223097801208496
data\BraTS2021_slice\test\Ungood\img\01476_68.png,1,0.009360493160784245,0.009360493160784245,0.3170773983001709,3.618284225463867
data\BraTS2021_slice\test\Ungood\img\01476_76.png,1,0.010412532836198807,0.010412532836198807,0.20104841887950897,2.655529737472534
data\BraTS2021_slice\test\Ungood\img\01476_84.png,1,0.010495207272469997,0.010495207272469997,0.16337083280086517,2.147742748260498
data\BraTS2021_slice\test\Ungood\img\01476_92.png,1,0.009790008887648582,0.009790008887648582,0.15948963165283203,2.077692985534668
data\BraTS2021_slice\test\Ungood\img\01477_60.png,1,0.010703276842832565,0.010703276842832565,0.2463241070508957,2.1991710662841797
data\BraTS2021_slice\test\Ungood\img\01477_68.png,1,0.01043826062232256,0.01043826062232256,0.21615645289421082,1.9498499631881714
data\BraTS2021_slice\test\Ungood\img\01477_76.png,1,0.010051361285150051,0.010051361285150051,0.17870838940143585,1.8138550519943237
data\BraTS2021_slice\test\Ungood\img\01477_84.png,1,0.008957000449299812,0.008957000449299812,0.16437897086143494,1.8039835691452026
data\BraTS2021_slice\test\Ungood\img\01477_92.png,1,0.006800970993936062,0.006800970993936062,0.1390712559223175,1.6917117834091187
data\BraTS2021_slice\test\Ungood\img\01478_60.png,1,0.009322208352386951,0.009322208352386951,0.22181984782218933,2.2945897579193115
data\BraTS2021_slice\test\Ungood\img\01478_68.png,1,0.008628221228718758,0.008628221228718758,0.20617246627807617,2.114109754562378
data\BraTS2021_slice\test\Ungood\img\01478_76.png,1,0.007747378665953875,0.007747378665953875,0.15685231983661652,1.6167044639587402
data\BraTS2021_slice\test\Ungood\img\01478_84.png,1,0.007774259429425001,0.007774259429425001,0.17188581824302673,2.03132963180542
data\BraTS2021_slice\test\Ungood\img\01478_92.png,1,0.008056640625,0.008056640625,0.19322951138019562,2.3235867023468018
data\BraTS2021_slice\test\Ungood\img\01479_60.png,1,0.007627197075635195,0.007627197075635195,0.21876394748687744,2.463249683380127
data\BraTS2021_slice\test\Ungood\img\01479_68.png,1,0.005201971624046564,0.005201971624046564,0.17960628867149353,2.135789632797241
data\BraTS2021_slice\test\Ungood\img\01479_76.png,1,0.007192831952124834,0.007192831952124834,0.16264988481998444,1.9953712224960327
data\BraTS2021_slice\test\Ungood\img\01479_84.png,1,0.007122046779841185,0.007122046779841185,0.190464586019516,2.133227586746216
data\BraTS2021_slice\test\Ungood\img\01479_92.png,1,0.008686741814017296,0.008686741814017296,0.1913546472787857,2.2150349617004395
data\BraTS2021_slice\test\Ungood\img\01482_60.png,1,0.007907292805612087,0.007907292805612087,0.21529245376586914,2.923579692840576
data\BraTS2021_slice\test\Ungood\img\01482_68.png,1,0.00757623091340065,0.00757623091340065,0.17361095547676086,2.2569491863250732
data\BraTS2021_slice\test\Ungood\img\01482_76.png,1,0.007425247225910425,0.007425247225910425,0.21058203279972076,2.779120683670044
data\BraTS2021_slice\test\Ungood\img\01482_84.png,1,0.00674818130210042,0.00674818130210042,0.19251401722431183,2.419957160949707
data\BraTS2021_slice\test\Ungood\img\01482_92.png,1,0.005556546151638031,0.005556546151638031,0.12540315091609955,1.5861684083938599
data\BraTS2021_slice\test\Ungood\img\01484_60.png,1,0.005955229979008436,0.005955229979008436,0.1694101244211197,2.1631646156311035
data\BraTS2021_slice\test\Ungood\img\01484_68.png,1,0.00794864259660244,0.00794864259660244,0.23607733845710754,2.880753755569458
data\BraTS2021_slice\test\Ungood\img\01484_76.png,1,0.006426976062357426,0.006426976062357426,0.2372196465730667,2.798478841781616
data\BraTS2021_slice\test\Ungood\img\01484_84.png,1,0.007662282790988684,0.007662282790988684,0.2341359257698059,2.8489298820495605
data\BraTS2021_slice\test\Ungood\img\01484_92.png,1,0.007952391169965267,0.007952391169965267,0.2207600474357605,2.5978763103485107
data\BraTS2021_slice\test\Ungood\img\01485_60.png,1,0.005874613765627146,0.005874613765627146,0.2317354828119278,3.081921100616455
data\BraTS2021_slice\test\Ungood\img\01485_68.png,1,0.00569428876042366,0.00569428876042366,0.18811970949172974,2.4210050106048584
data\BraTS2021_slice\test\Ungood\img\01485_76.png,1,0.008741461671888828,0.008741461671888828,0.160697340965271,2.0030596256256104
data\BraTS2021_slice\test\Ungood\img\01485_84.png,1,0.009427116252481937,0.009427116252481937,0.18131035566329956,2.1720774173736572
data\BraTS2021_slice\test\Ungood\img\01485_92.png,1,0.00818872544914484,0.00818872544914484,0.13372920453548431,1.6559587717056274
data\BraTS2021_slice\test\Ungood\img\01486_60.png,1,0.00634765625,0.00634765625,0.22213654220104218,2.659433126449585
data\BraTS2021_slice\test\Ungood\img\01486_68.png,1,0.008075115270912647,0.008075115270912647,0.21291182935237885,2.5136024951934814
data\BraTS2021_slice\test\Ungood\img\01486_76.png,1,0.008126619271934032,0.008126619271934032,0.15301911532878876,1.7786234617233276
data\BraTS2021_slice\test\Ungood\img\01486_84.png,1,0.009219340048730373,0.009219340048730373,0.1632607877254486,1.6614514589309692
data\BraTS2021_slice\test\Ungood\img\01486_92.png,1,0.010728307068347931,0.010728307068347931,0.15855452418327332,1.6416761875152588
data\BraTS2021_slice\test\Ungood\img\01489_60.png,1,0.007151278667151928,0.007151278667151928,0.20389291644096375,2.523526668548584
data\BraTS2021_slice\test\Ungood\img\01489_68.png,1,0.0074532898142933846,0.0074532898142933846,0.15170295536518097,1.8121496438980103
data\BraTS2021_slice\test\Ungood\img\01489_76.png,1,0.008297190070152283,0.008297190070152283,0.15395599603652954,1.7089794874191284
data\BraTS2021_slice\test\Ungood\img\01489_84.png,1,0.007926114834845066,0.007926114834845066,0.16900958120822906,2.006716251373291
data\BraTS2021_slice\test\Ungood\img\01489_92.png,1,0.007907292805612087,0.007907292805612087,0.15953506529331207,1.852295994758606
data\BraTS2021_slice\test\Ungood\img\01490_60.png,1,0.008038124069571495,0.008038124069571495,0.27742308378219604,3.1599624156951904
data\BraTS2021_slice\test\Ungood\img\01490_68.png,1,0.006632362026721239,0.006632362026721239,0.20423011481761932,2.36181640625
data\BraTS2021_slice\test\Ungood\img\01490_76.png,1,0.007911060005426407,0.007911060005426407,0.2371051013469696,2.6515157222747803
data\BraTS2021_slice\test\Ungood\img\01490_84.png,1,0.009850703179836273,0.009850703179836273,0.2925564646720886,3.24361515045166
data\BraTS2021_slice\test\Ungood\img\01490_92.png,1,0.012089275754988194,0.012089275754988194,0.34741243720054626,3.7181336879730225
data\BraTS2021_slice\test\Ungood\img\01491_60.png,1,0.006703872233629227,0.006703872233629227,0.2168685793876648,2.4021613597869873
data\BraTS2021_slice\test\Ungood\img\01491_68.png,1,0.0072915940545499325,0.0072915940545499325,0.20035576820373535,2.3238766193389893
data\BraTS2021_slice\test\Ungood\img\01491_76.png,1,0.00810458604246378,0.00810458604246378,0.167127326130867,1.820564866065979
data\BraTS2021_slice\test\Ungood\img\01491_84.png,1,0.00682284589856863,0.00682284589856863,0.1386805921792984,1.5150251388549805
data\BraTS2021_slice\test\Ungood\img\01491_92.png,1,0.007993508130311966,0.007993508130311966,0.14207123219966888,1.719470739364624
data\BraTS2021_slice\test\Ungood\img\01494_60.png,1,0.014141201972961426,0.014141201972961426,0.33828285336494446,3.993485689163208
data\BraTS2021_slice\test\Ungood\img\01494_68.png,1,0.012795857153832912,0.012795857153832912,0.278556227684021,3.1788246631622314
data\BraTS2021_slice\test\Ungood\img\01494_76.png,1,0.013549255207180977,0.013549255207180977,0.2595515847206116,2.8981728553771973
data\BraTS2021_slice\test\Ungood\img\01494_84.png,1,0.01485651358962059,0.01485651358962059,0.25626683235168457,2.8131325244903564
data\BraTS2021_slice\test\Ungood\img\01494_92.png,1,0.013933137990534306,0.013933137990534306,0.27829334139823914,3.203687906265259
data\BraTS2021_slice\test\Ungood\img\01495_60.png,1,0.007724263705313206,0.007724263705313206,0.21977873146533966,2.531140089035034
data\BraTS2021_slice\test\Ungood\img\01495_68.png,1,0.009474418126046658,0.009474418126046658,0.18755483627319336,2.127373218536377
data\BraTS2021_slice\test\Ungood\img\01495_76.png,1,0.01210405770689249,0.01210405770689249,0.2344902902841568,2.4497721195220947
data\BraTS2021_slice\test\Ungood\img\01495_84.png,1,0.014872552827000618,0.014872552827000618,0.2681874930858612,2.8226099014282227
data\BraTS2021_slice\test\Ungood\img\01495_92.png,1,0.016348309814929962,0.016348309814929962,0.2904817759990692,3.1748223304748535
data\BraTS2021_slice\test\Ungood\img\01496_60.png,1,0.01285627018660307,0.01285627018660307,0.29654622077941895,3.5164151191711426
data\BraTS2021_slice\test\Ungood\img\01496_68.png,1,0.014237815514206886,0.014237815514206886,0.29685723781585693,3.705986976623535
data\BraTS2021_slice\test\Ungood\img\01496_76.png,1,0.014354554936289787,0.014354554936289787,0.3078152537345886,3.804088830947876
data\BraTS2021_slice\test\Ungood\img\01496_84.png,1,0.016344662755727768,0.016344662755727768,0.3363484740257263,4.131994724273682
data\BraTS2021_slice\test\Ungood\img\01496_92.png,1,0.018313800916075706,0.018313800916075706,0.3841478228569031,4.600827693939209
data\BraTS2021_slice\test\Ungood\img\01498_60.png,1,0.00845375470817089,0.00845375470817089,0.2731688618659973,2.9525256156921387
data\BraTS2021_slice\test\Ungood\img\01498_68.png,1,0.0064869774505496025,0.0064869774505496025,0.17162713408470154,1.953191876411438
data\BraTS2021_slice\test\Ungood\img\01498_76.png,1,0.00739709846675396,0.00739709846675396,0.16174273192882538,1.895656704902649
data\BraTS2021_slice\test\Ungood\img\01498_84.png,1,0.0070632207207381725,0.0070632207207381725,0.16250790655612946,1.9901821613311768
data\BraTS2021_slice\test\Ungood\img\01498_92.png,1,0.007117861416190863,0.007117861416190863,0.1542341709136963,1.820937156677246
data\BraTS2021_slice\test\Ungood\img\01502_60.png,1,0.006324137561023235,0.006324137561023235,0.18838919699192047,2.2817459106445312
data\BraTS2021_slice\test\Ungood\img\01502_68.png,1,0.00612788088619709,0.00612788088619709,0.14436441659927368,1.7648261785507202
data\BraTS2021_slice\test\Ungood\img\01502_76.png,1,0.0068880547769367695,0.0068880547769367695,0.13534313440322876,1.6337294578552246
data\BraTS2021_slice\test\Ungood\img\01502_84.png,1,0.007279322016984224,0.007279322016984224,0.13742536306381226,1.6078226566314697
data\BraTS2021_slice\test\Ungood\img\01502_92.png,1,0.007536791730672121,0.007536791730672121,0.1477184295654297,1.6549289226531982
data\BraTS2021_slice\test\Ungood\img\01503_60.png,1,0.009826470166444778,0.009826470166444778,0.25160330533981323,2.890125274658203
data\BraTS2021_slice\test\Ungood\img\01503_68.png,1,0.008217789232730865,0.008217789232730865,0.19985489547252655,2.3433759212493896
data\BraTS2021_slice\test\Ungood\img\01503_76.png,1,0.007501118816435337,0.007501118816435337,0.16618938744068146,1.9828376770019531
data\BraTS2021_slice\test\Ungood\img\01503_84.png,1,0.006550980266183615,0.006550980266183615,0.14069968461990356,1.64240300655365
data\BraTS2021_slice\test\Ungood\img\01503_92.png,1,0.005828777328133583,0.005828777328133583,0.12587396800518036,1.4835877418518066
data\BraTS2021_slice\test\Ungood\img\01504_60.png,1,0.006587274372577667,0.006587274372577667,0.23088876903057098,2.832526922225952
data\BraTS2021_slice\test\Ungood\img\01504_68.png,1,0.0068967025727033615,0.0068967025727033615,0.1498120129108429,1.8384038209915161
data\BraTS2021_slice\test\Ungood\img\01504_76.png,1,0.005292842630296946,0.005292842630296946,0.1581532508134842,1.9062957763671875
data\BraTS2021_slice\test\Ungood\img\01504_84.png,1,0.006668212823569775,0.006668212823569775,0.21721501648426056,2.4081058502197266
data\BraTS2021_slice\test\Ungood\img\01504_92.png,1,0.005027163308113813,0.005027163308113813,0.19045324623584747,2.2025516033172607
data\BraTS2021_slice\test\Ungood\img\01506_60.png,1,0.007250606548041105,0.007250606548041105,0.23360487818717957,2.7249720096588135
data\BraTS2021_slice\test\Ungood\img\01506_68.png,1,0.007299764081835747,0.007299764081835747,0.18009857833385468,2.1091723442077637
data\BraTS2021_slice\test\Ungood\img\01506_76.png,1,0.006069239694625139,0.006069239694625139,0.1893945187330246,2.321009635925293
data\BraTS2021_slice\test\Ungood\img\01506_84.png,1,0.0078048668801784515,0.0078048668801784515,0.23639006912708282,2.892866849899292
data\BraTS2021_slice\test\Ungood\img\01506_92.png,1,0.00825758557766676,0.00825758557766676,0.1410672515630722,1.558722972869873
data\BraTS2021_slice\test\Ungood\img\01507_60.png,1,0.006514484528452158,0.006514484528452158,0.17348447442054749,2.0815181732177734
data\BraTS2021_slice\test\Ungood\img\01507_68.png,1,0.00632884819060564,0.00632884819060564,0.15806898474693298,1.8895589113235474
data\BraTS2021_slice\test\Ungood\img\01507_76.png,1,0.0063757640309631824,0.0063757640309631824,0.14883734285831451,1.8372561931610107
data\BraTS2021_slice\test\Ungood\img\01507_84.png,1,0.006672680843621492,0.006672680843621492,0.13572119176387787,1.6182912588119507
data\BraTS2021_slice\test\Ungood\img\01507_92.png,1,0.006352349650114775,0.006352349650114775,0.1297154575586319,1.5312259197235107
data\BraTS2021_slice\test\Ungood\img\01511_60.png,1,0.006814104504883289,0.006814104504883289,0.19559742510318756,2.300319194793701
data\BraTS2021_slice\test\Ungood\img\01511_68.png,1,0.0052815694361925125,0.0052815694361925125,0.14015258848667145,1.7903333902359009
data\BraTS2021_slice\test\Ungood\img\01511_76.png,1,0.0055134715512394905,0.0055134715512394905,0.13717538118362427,1.8091028928756714
data\BraTS2021_slice\test\Ungood\img\01511_84.png,1,0.005975213833153248,0.005975213833153248,0.13465628027915955,1.6399999856948853
data\BraTS2021_slice\test\Ungood\img\01511_92.png,1,0.006342959590256214,0.006342959590256214,0.11409646272659302,1.2678031921386719
data\BraTS2021_slice\test\Ungood\img\01512_60.png,1,0.0089902114123106,0.0089902114123106,0.22464600205421448,2.2985036373138428
data\BraTS2021_slice\test\Ungood\img\01512_68.png,1,0.007662282790988684,0.007662282790988684,0.19069918990135193,2.1103906631469727
data\BraTS2021_slice\test\Ungood\img\01512_76.png,1,0.006573687307536602,0.006573687307536602,0.17676499485969543,2.0085246562957764
data\BraTS2021_slice\test\Ungood\img\01512_84.png,1,0.008693600073456764,0.008693600073456764,0.15853527188301086,1.7411048412322998
data\BraTS2021_slice\test\Ungood\img\01512_92.png,1,0.008133950643241405,0.008133950643241405,0.17162840068340302,1.8874980211257935
data\BraTS2021_slice\test\Ungood\img\01513_60.png,1,0.006573687307536602,0.006573687307536602,0.23480185866355896,2.940200090408325
data\BraTS2021_slice\test\Ungood\img\01513_68.png,1,0.006098630838096142,0.006098630838096142,0.1411481350660324,1.7000173330307007
data\BraTS2021_slice\test\Ungood\img\01513_76.png,1,0.006935484707355499,0.006935484707355499,0.15227071940898895,1.8829407691955566
data\BraTS2021_slice\test\Ungood\img\01513_84.png,1,0.006578219588845968,0.006578219588845968,0.18077650666236877,2.1538004875183105
data\BraTS2021_slice\test\Ungood\img\01513_92.png,1,0.007997236214578152,0.007997236214578152,0.1507757157087326,1.7771013975143433
data\BraTS2021_slice\test\Ungood\img\01515_60.png,1,0.011372866109013557,0.011372866109013557,0.2892096936702728,3.7542006969451904
data\BraTS2021_slice\test\Ungood\img\01515_68.png,1,0.011557422578334808,0.011557422578334808,0.28719037771224976,3.5978593826293945
data\BraTS2021_slice\test\Ungood\img\01515_76.png,1,0.013660971075296402,0.013660971075296402,0.26270392537117004,3.360597848892212
data\BraTS2021_slice\test\Ungood\img\01515_84.png,1,0.013320773839950562,0.013320773839950562,0.24302056431770325,3.125157117843628
data\BraTS2021_slice\test\Ungood\img\01515_92.png,1,0.013573428615927696,0.013573428615927696,0.22837252914905548,3.2832140922546387
data\BraTS2021_slice\test\Ungood\img\01517_60.png,1,0.0081632100045681,0.0081632100045681,0.25234270095825195,3.02984619140625
data\BraTS2021_slice\test\Ungood\img\01517_68.png,1,0.00883303303271532,0.00883303303271532,0.14573316276073456,1.7646634578704834
data\BraTS2021_slice\test\Ungood\img\01517_76.png,1,0.011857797391712666,0.011857797391712666,0.15305474400520325,1.7305701971054077
data\BraTS2021_slice\test\Ungood\img\01517_84.png,1,0.010489527136087418,0.010489527136087418,0.15934967994689941,1.6874220371246338
data\BraTS2021_slice\test\Ungood\img\01517_92.png,1,0.010549021884799004,0.010549021884799004,0.17265218496322632,1.9170453548431396
data\BraTS2021_slice\test\Ungood\img\01519_60.png,1,0.008141275495290756,0.008141275495290756,0.24966053664684296,2.5646817684173584
data\BraTS2021_slice\test\Ungood\img\01519_68.png,1,0.0075722960755229,0.0075722960755229,0.2108103632926941,2.10292911529541
data\BraTS2021_slice\test\Ungood\img\01519_76.png,1,0.00786193460226059,0.00786193460226059,0.21792466938495636,2.3638737201690674
data\BraTS2021_slice\test\Ungood\img\01519_84.png,1,0.005772260949015617,0.005772260949015617,0.1577915996313095,1.8552225828170776
data\BraTS2021_slice\test\Ungood\img\01519_92.png,1,0.005945212673395872,0.005945212673395872,0.13454663753509521,1.5053614377975464
data\BraTS2021_slice\test\Ungood\img\01521_60.png,1,0.008275611326098442,0.008275611326098442,0.19040729105472565,2.3942770957946777
data\BraTS2021_slice\test\Ungood\img\01521_68.png,1,0.009988903068006039,0.009988903068006039,0.17636582255363464,2.077357769012451
data\BraTS2021_slice\test\Ungood\img\01521_76.png,1,0.012541796080768108,0.012541796080768108,0.17637863755226135,2.037360429763794
data\BraTS2021_slice\test\Ungood\img\01521_84.png,1,0.01323098037391901,0.01323098037391901,0.18939927220344543,2.04380464553833
data\BraTS2021_slice\test\Ungood\img\01521_92.png,1,0.014043922536075115,0.014043922536075115,0.20639856159687042,1.9778422117233276
data\BraTS2021_slice\test\Ungood\img\01522_60.png,1,0.006582748610526323,0.006582748610526323,0.1649823933839798,1.9560281038284302
data\BraTS2021_slice\test\Ungood\img\01522_68.png,1,0.007126230280846357,0.007126230280846357,0.15442800521850586,1.9024884700775146
data\BraTS2021_slice\test\Ungood\img\01522_76.png,1,0.009290184825658798,0.009290184825658798,0.18172939121723175,2.3515472412109375
data\BraTS2021_slice\test\Ungood\img\01522_84.png,1,0.011372866109013557,0.011372866109013557,0.19391357898712158,2.717027187347412
data\BraTS2021_slice\test\Ungood\img\01522_92.png,1,0.006034769117832184,0.006034769117832184,0.17325125634670258,2.263176202774048
data\BraTS2021_slice\test\Ungood\img\01523_60.png,1,0.009540245868265629,0.009540245868265629,0.2286769151687622,2.8297159671783447
data\BraTS2021_slice\test\Ungood\img\01523_68.png,1,0.009373219683766365,0.009373219683766365,0.20824570953845978,2.4734315872192383
data\BraTS2021_slice\test\Ungood\img\01523_76.png,1,0.011187928728759289,0.011187928728759289,0.23810303211212158,2.5094833374023438
data\BraTS2021_slice\test\Ungood\img\01523_84.png,1,0.013031256385147572,0.013031256385147572,0.24025951325893402,2.3875250816345215
data\BraTS2021_slice\test\Ungood\img\01523_92.png,1,0.011845224536955357,0.011845224536955357,0.2097015529870987,2.2368357181549072
data\BraTS2021_slice\test\Ungood\img\01524_60.png,1,0.0087890625,0.0087890625,0.2599514424800873,2.9389395713806152
data\BraTS2021_slice\test\Ungood\img\01524_68.png,1,0.006663742009550333,0.006663742009550333,0.18453991413116455,2.206447124481201
data\BraTS2021_slice\test\Ungood\img\01524_76.png,1,0.006083953194320202,0.006083953194320202,0.16183193027973175,1.952032208442688
data\BraTS2021_slice\test\Ungood\img\01524_84.png,1,0.005540432408452034,0.005540432408452034,0.1412907987833023,1.7033694982528687
data\BraTS2021_slice\test\Ungood\img\01524_92.png,1,0.007163770031183958,0.007163770031183958,0.13678312301635742,1.5506075620651245
data\BraTS2021_slice\test\Ungood\img\01525_60.png,1,0.007501118816435337,0.007501118816435337,0.1870225965976715,2.269887685775757
data\BraTS2021_slice\test\Ungood\img\01525_68.png,1,0.006083953194320202,0.006083953194320202,0.14159294962882996,1.6981987953186035
data\BraTS2021_slice\test\Ungood\img\01525_76.png,1,0.00632884819060564,0.00632884819060564,0.18099984526634216,2.446718692779541
data\BraTS2021_slice\test\Ungood\img\01525_84.png,1,0.00645011942833662,0.00645011942833662,0.20874394476413727,2.8847174644470215
data\BraTS2021_slice\test\Ungood\img\01525_92.png,1,0.007716543506830931,0.007716543506830931,0.16355088353157043,2.1105360984802246
data\BraTS2021_slice\test\Ungood\img\01528_60.png,1,0.01131506823003292,0.01131506823003292,0.22056837379932404,2.4824464321136475
data\BraTS2021_slice\test\Ungood\img\01528_68.png,1,0.010245183482766151,0.010245183482766151,0.1842442899942398,2.2456092834472656
data\BraTS2021_slice\test\Ungood\img\01528_76.png,1,0.010549021884799004,0.010549021884799004,0.178193137049675,2.0666544437408447
data\BraTS2021_slice\test\Ungood\img\01528_84.png,1,0.011495368555188179,0.011495368555188179,0.17017914354801178,2.1493916511535645
data\BraTS2021_slice\test\Ungood\img\01528_92.png,1,0.009085836820304394,0.009085836820304394,0.14471296966075897,1.8221755027770996
data\BraTS2021_slice\test\Ungood\img\01531_60.png,1,0.00854143314063549,0.00854143314063549,0.1874857395887375,2.322012424468994
data\BraTS2021_slice\test\Ungood\img\01531_68.png,1,0.013054105453193188,0.013054105453193188,0.19520896673202515,2.762514591217041
data\BraTS2021_slice\test\Ungood\img\01531_76.png,1,0.012355059385299683,0.012355059385299683,0.2198435217142105,3.170994520187378
data\BraTS2021_slice\test\Ungood\img\01531_84.png,1,0.014381520450115204,0.014381520450115204,0.28291720151901245,3.6576943397521973
data\BraTS2021_slice\test\Ungood\img\01531_92.png,1,0.013918156735599041,0.013918156735599041,0.3068924844264984,4.056721210479736
data\BraTS2021_slice\test\Ungood\img\01532_60.png,1,0.0078086843714118,0.0078086843714118,0.27246466279029846,3.130540609359741
data\BraTS2021_slice\test\Ungood\img\01532_68.png,1,0.012518011033535004,0.012518011033535004,0.2623491883277893,2.748483180999756
data\BraTS2021_slice\test\Ungood\img\01532_76.png,1,0.014668768271803856,0.014668768271803856,0.32988986372947693,3.330415964126587
data\BraTS2021_slice\test\Ungood\img\01532_84.png,1,0.013264724053442478,0.013264724053442478,0.3278176188468933,3.3313605785369873
data\BraTS2021_slice\test\Ungood\img\01532_92.png,1,0.010233541019260883,0.010233541019260883,0.2427123636007309,2.7761356830596924
data\BraTS2021_slice\test\Ungood\img\01533_60.png,1,0.011637085117399693,0.011637085117399693,0.2607698440551758,2.6652519702911377
data\BraTS2021_slice\test\Ungood\img\01533_68.png,1,0.013438827358186245,0.013438827358186245,0.22171781957149506,2.086604595184326
data\BraTS2021_slice\test\Ungood\img\01533_76.png,1,0.011267559602856636,0.011267559602856636,0.223313108086586,2.088252305984497
data\BraTS2021_slice\test\Ungood\img\01533_84.png,1,0.01398011576384306,0.01398011576384306,0.23923905193805695,2.094613552093506
data\BraTS2021_slice\test\Ungood\img\01533_92.png,1,0.013941691257059574,0.013941691257059574,0.26001349091529846,2.178115129470825
data\BraTS2021_slice\test\Ungood\img\01537_60.png,1,0.008734640665352345,0.008734640665352345,0.2564224600791931,2.9794745445251465
data\BraTS2021_slice\test\Ungood\img\01537_68.png,1,0.010250999592244625,0.010250999592244625,0.19977690279483795,2.386019229888916
data\BraTS2021_slice\test\Ungood\img\01537_76.png,1,0.010838854126632214,0.010838854126632214,0.1658816933631897,1.8785229921340942
data\BraTS2021_slice\test\Ungood\img\01537_84.png,1,0.01078648492693901,0.01078648492693901,0.16707743704319,1.4970899820327759
data\BraTS2021_slice\test\Ungood\img\01537_92.png,1,0.01025390625,0.01025390625,0.1710156351327896,1.5968225002288818
data\BraTS2021_slice\test\Ungood\img\01541_60.png,1,0.009331794455647469,0.009331794455647469,0.23306085169315338,2.690747022628784
data\BraTS2021_slice\test\Ungood\img\01541_68.png,1,0.009583880193531513,0.009583880193531513,0.16936056315898895,1.8996589183807373
data\BraTS2021_slice\test\Ungood\img\01541_76.png,1,0.009877895005047321,0.009877895005047321,0.1691644787788391,1.9553883075714111
data\BraTS2021_slice\test\Ungood\img\01541_84.png,1,0.010303197428584099,0.010303197428584099,0.15680809319019318,1.9762324094772339
data\BraTS2021_slice\test\Ungood\img\01541_92.png,1,0.00715544493868947,0.00715544493868947,0.1514662504196167,1.7958197593688965
data\BraTS2021_slice\test\Ungood\img\01542_60.png,1,0.0065007456578314304,0.0065007456578314304,0.1812707483768463,2.3919084072113037
data\BraTS2021_slice\test\Ungood\img\01542_68.png,1,0.005480943247675896,0.005480943247675896,0.14543136954307556,1.7266916036605835
data\BraTS2021_slice\test\Ungood\img\01542_76.png,1,0.006783419754356146,0.006783419754356146,0.1662132889032364,2.0325260162353516
data\BraTS2021_slice\test\Ungood\img\01542_84.png,1,0.007673942018300295,0.007673942018300295,0.15001234412193298,1.7289493083953857
data\BraTS2021_slice\test\Ungood\img\01542_92.png,1,0.006805351469665766,0.006805351469665766,0.12617672979831696,1.4163336753845215
data\BraTS2021_slice\test\Ungood\img\01544_60.png,1,0.010833353735506535,0.010833353735506535,0.1580175757408142,1.9228401184082031
data\BraTS2021_slice\test\Ungood\img\01544_68.png,1,0.01079200953245163,0.01079200953245163,0.14744921028614044,1.8249752521514893
data\BraTS2021_slice\test\Ungood\img\01544_76.png,1,0.009580769576132298,0.009580769576132298,0.158516988158226,2.036719560623169
data\BraTS2021_slice\test\Ungood\img\01544_84.png,1,0.006403748411685228,0.006403748411685228,0.16454699635505676,1.9582152366638184
data\BraTS2021_slice\test\Ungood\img\01544_92.png,1,0.005593964364379644,0.005593964364379644,0.11673253029584885,1.3062374591827393
data\BraTS2021_slice\test\Ungood\img\01546_60.png,1,0.01011638157069683,0.01011638157069683,0.30120614171028137,2.8592326641082764
data\BraTS2021_slice\test\Ungood\img\01546_68.png,1,0.009026601910591125,0.009026601910591125,0.3239459991455078,3.065876007080078
data\BraTS2021_slice\test\Ungood\img\01546_76.png,1,0.009502685628831387,0.009502685628831387,0.26958590745925903,2.5742478370666504
data\BraTS2021_slice\test\Ungood\img\01546_84.png,1,0.009892968460917473,0.009892968460917473,0.22919470071792603,2.3787999153137207
data\BraTS2021_slice\test\Ungood\img\01546_92.png,1,0.00825758557766676,0.00825758557766676,0.20901480317115784,2.418585777282715
data\BraTS2021_slice\test\Ungood\img\01547_60.png,1,0.010027613490819931,0.010027613490819931,0.18903759121894836,2.257721424102783
data\BraTS2021_slice\test\Ungood\img\01547_68.png,1,0.009826470166444778,0.009826470166444778,0.15262368321418762,1.6949880123138428
data\BraTS2021_slice\test\Ungood\img\01547_76.png,1,0.011731458827853203,0.011731458827853203,0.16027399897575378,1.861976146697998
data\BraTS2021_slice\test\Ungood\img\01547_84.png,1,0.010901911184191704,0.010901911184191704,0.18773941695690155,2.0948734283447266
data\BraTS2021_slice\test\Ungood\img\01547_92.png,1,0.011075484566390514,0.011075484566390514,0.2006850689649582,2.1863086223602295
data\BraTS2021_slice\test\Ungood\img\01552_60.png,1,0.010033556260168552,0.010033556260168552,0.29215294122695923,2.982675552368164
data\BraTS2021_slice\test\Ungood\img\01552_68.png,1,0.012275200337171555,0.012275200337171555,0.36848482489585876,3.8981235027313232
data\BraTS2021_slice\test\Ungood\img\01552_76.png,1,0.011739077046513557,0.011739077046513557,0.3851025700569153,4.047357559204102
data\BraTS2021_slice\test\Ungood\img\01552_84.png,1,0.014166468754410744,0.014166468754410744,0.40091705322265625,3.917952537536621
data\BraTS2021_slice\test\Ungood\img\01552_92.png,1,0.015582981519401073,0.015582981519401073,0.35293179750442505,3.5332629680633545
data\BraTS2021_slice\test\Ungood\img\01553_60.png,1,0.009000150486826897,0.009000150486826897,0.24765901267528534,2.7446413040161133
data\BraTS2021_slice\test\Ungood\img\01553_68.png,1,0.009871859103441238,0.009871859103441238,0.1444208025932312,1.4276903867721558
data\BraTS2021_slice\test\Ungood\img\01553_76.png,1,0.008130285888910294,0.008130285888910294,0.15817874670028687,1.6415690183639526
data\BraTS2021_slice\test\Ungood\img\01553_84.png,1,0.009115309454500675,0.009115309454500675,0.1402597427368164,1.575122594833374
data\BraTS2021_slice\test\Ungood\img\01553_92.png,1,0.008019564673304558,0.008019564673304558,0.19228076934814453,2.2998404502868652
data\BraTS2021_slice\test\Ungood\img\01554_60.png,1,0.0092387143522501,0.0092387143522501,0.26967349648475647,3.294548988342285
data\BraTS2021_slice\test\Ungood\img\01554_68.png,1,0.008275611326098442,0.008275611326098442,0.30257129669189453,3.697495937347412
data\BraTS2021_slice\test\Ungood\img\01554_76.png,1,0.007974845357239246,0.007974845357239246,0.2662320137023926,3.2088210582733154
data\BraTS2021_slice\test\Ungood\img\01554_84.png,1,0.007712680380791426,0.007712680380791426,0.19461515545845032,2.252246856689453
data\BraTS2021_slice\test\Ungood\img\01554_92.png,1,0.006712757516652346,0.006712757516652346,0.1387823075056076,1.5095652341842651
data\BraTS2021_slice\test\Ungood\img\01558_60.png,1,0.012143388390541077,0.012143388390541077,0.23938603699207306,3.0484747886657715
data\BraTS2021_slice\test\Ungood\img\01558_68.png,1,0.00919992383569479,0.00919992383569479,0.1949785202741623,2.3147594928741455
data\BraTS2021_slice\test\Ungood\img\01558_76.png,1,0.009433437138795853,0.009433437138795853,0.17065705358982086,2.1247034072875977
data\BraTS2021_slice\test\Ungood\img\01558_84.png,1,0.008870068937540054,0.008870068937540054,0.16135850548744202,1.8714971542358398
data\BraTS2021_slice\test\Ungood\img\01558_92.png,1,0.006569152232259512,0.006569152232259512,0.1599300056695938,1.8056366443634033
data\BraTS2021_slice\test\Ungood\img\01562_60.png,1,0.00789597723633051,0.00789597723633051,0.23364520072937012,2.337212085723877
data\BraTS2021_slice\test\Ungood\img\01562_68.png,1,0.008662693202495575,0.008662693202495575,0.21370519697666168,2.4091570377349854
data\BraTS2021_slice\test\Ungood\img\01562_76.png,1,0.006132742390036583,0.006132742390036583,0.15805478394031525,1.7663681507110596
data\BraTS2021_slice\test\Ungood\img\01562_84.png,1,0.00529847014695406,0.00529847014695406,0.16149142384529114,1.921905279159546
data\BraTS2021_slice\test\Ungood\img\01562_92.png,1,0.006805351469665766,0.006805351469665766,0.19235514104366302,2.261960983276367
data\BraTS2021_slice\test\Ungood\img\01564_60.png,1,0.010297410190105438,0.010297410190105438,0.18593914806842804,1.9255048036575317
data\BraTS2021_slice\test\Ungood\img\01564_68.png,1,0.009533995762467384,0.009533995762467384,0.16848981380462646,1.7386665344238281
data\BraTS2021_slice\test\Ungood\img\01564_76.png,1,0.0095308693125844,0.0095308693125844,0.14050188660621643,1.6231672763824463
data\BraTS2021_slice\test\Ungood\img\01564_84.png,1,0.007989779114723206,0.007989779114723206,0.12342336773872375,1.4966154098510742
data\BraTS2021_slice\test\Ungood\img\01564_92.png,1,0.007673942018300295,0.007673942018300295,0.10635094344615936,1.2610946893692017
data\BraTS2021_slice\test\Ungood\img\01565_60.png,1,0.010901911184191704,0.010901911184191704,0.32658645510673523,3.5574934482574463
data\BraTS2021_slice\test\Ungood\img\01565_68.png,1,0.010113434866070747,0.010113434866070747,0.2905140817165375,2.950385332107544
data\BraTS2021_slice\test\Ungood\img\01565_76.png,1,0.011214535683393478,0.011214535683393478,0.25847479701042175,2.65423321723938
data\BraTS2021_slice\test\Ungood\img\01565_84.png,1,0.012983140535652637,0.012983140535652637,0.23534373939037323,2.3839569091796875
data\BraTS2021_slice\test\Ungood\img\01565_92.png,1,0.012441594153642654,0.012441594153642654,0.20514607429504395,2.3078360557556152
data\BraTS2021_slice\test\Ungood\img\01567_60.png,1,0.008744870312511921,0.008744870312511921,0.23307311534881592,2.1865298748016357
data\BraTS2021_slice\test\Ungood\img\01567_68.png,1,0.008460802026093006,0.008460802026093006,0.17528198659420013,1.8029961585998535
data\BraTS2021_slice\test\Ungood\img\01567_76.png,1,0.008966976776719093,0.008966976776719093,0.1672791689634323,1.7493197917938232
data\BraTS2021_slice\test\Ungood\img\01567_84.png,1,0.009580769576132298,0.009580769576132298,0.17811788618564606,2.000528335571289
data\BraTS2021_slice\test\Ungood\img\01567_92.png,1,0.010866315104067326,0.010866315104067326,0.22579854726791382,2.5848147869110107
data\BraTS2021_slice\test\Ungood\img\01568_60.png,1,0.01211636234074831,0.01211636234074831,0.2470497190952301,2.7841107845306396
data\BraTS2021_slice\test\Ungood\img\01568_68.png,1,0.0136762335896492,0.0136762335896492,0.33485427498817444,3.219968795776367
data\BraTS2021_slice\test\Ungood\img\01568_76.png,1,0.013845163397490978,0.013845163397490978,0.3362478017807007,3.1608617305755615
data\BraTS2021_slice\test\Ungood\img\01568_84.png,1,0.015140656381845474,0.015140656381845474,0.329250693321228,3.198566198348999
data\BraTS2021_slice\test\Ungood\img\01568_92.png,1,0.016089219599962234,0.016089219599962234,0.34979158639907837,3.938372850418091
data\BraTS2021_slice\test\Ungood\img\01569_60.png,1,0.016039129346609116,0.016039129346609116,0.2866773009300232,3.138181686401367
data\BraTS2021_slice\test\Ungood\img\01569_68.png,1,0.016545819118618965,0.016545819118618965,0.29532015323638916,3.0234830379486084
data\BraTS2021_slice\test\Ungood\img\01569_76.png,1,0.01476596761494875,0.01476596761494875,0.29456764459609985,3.1091878414154053
data\BraTS2021_slice\test\Ungood\img\01569_84.png,1,0.014381520450115204,0.014381520450115204,0.325738787651062,3.3533782958984375
data\BraTS2021_slice\test\Ungood\img\01569_92.png,1,0.01564406231045723,0.01564406231045723,0.3142588436603546,3.631871223449707
data\BraTS2021_slice\test\Ungood\img\01573_60.png,1,0.007564420811831951,0.007564420811831951,0.18675407767295837,2.1856131553649902
data\BraTS2021_slice\test\Ungood\img\01573_68.png,1,0.011523851193487644,0.011523851193487644,0.18273770809173584,1.9675315618515015
data\BraTS2021_slice\test\Ungood\img\01573_76.png,1,0.015565759502351284,0.015565759502351284,0.3095302879810333,4.147740364074707
data\BraTS2021_slice\test\Ungood\img\01573_84.png,1,0.018528969958424568,0.018528969958424568,0.4768756628036499,6.638143539428711
data\BraTS2021_slice\test\Ungood\img\01573_92.png,1,0.019669614732265472,0.019669614732265472,0.4309704899787903,6.257505416870117
data\BraTS2021_slice\test\Ungood\img\01574_60.png,1,0.012895617634057999,0.012895617634057999,0.2965875267982483,3.55802583694458
data\BraTS2021_slice\test\Ungood\img\01574_68.png,1,0.012932541780173779,0.012932541780173779,0.20987971127033234,2.5657474994659424
data\BraTS2021_slice\test\Ungood\img\01574_76.png,1,0.00835089385509491,0.00835089385509491,0.16880138218402863,1.7812845706939697
data\BraTS2021_slice\test\Ungood\img\01574_84.png,1,0.007568359375,0.007568359375,0.14560578763484955,1.612532138824463
data\BraTS2021_slice\test\Ungood\img\01574_92.png,1,0.007869512774050236,0.007869512774050236,0.17127758264541626,1.8726688623428345
data\BraTS2021_slice\test\Ungood\img\01575_60.png,1,0.006918275263160467,0.006918275263160467,0.21359878778457642,2.737745523452759
data\BraTS2021_slice\test\Ungood\img\01575_68.png,1,0.0078125,0.0078125,0.14470627903938293,1.7369463443756104
data\BraTS2021_slice\test\Ungood\img\01575_76.png,1,0.014242001809179783,0.014242001809179783,0.2139662504196167,2.506885051727295
data\BraTS2021_slice\test\Ungood\img\01575_84.png,1,0.013271463103592396,0.013271463103592396,0.23054750263690948,2.581874370574951
data\BraTS2021_slice\test\Ungood\img\01575_92.png,1,0.013208436779677868,0.013208436779677868,0.22606045007705688,2.6709563732147217
data\BraTS2021_slice\test\Ungood\img\01576_60.png,1,0.0078657241538167,0.0078657241538167,0.17344850301742554,2.113642692565918
data\BraTS2021_slice\test\Ungood\img\01576_68.png,1,0.013385497964918613,0.013385497964918613,0.273080050945282,3.2089293003082275
data\BraTS2021_slice\test\Ungood\img\01576_76.png,1,0.014482704922556877,0.014482704922556877,0.28632423281669617,3.4254519939422607
data\BraTS2021_slice\test\Ungood\img\01576_84.png,1,0.015221145004034042,0.015221145004034042,0.31227660179138184,3.8036272525787354
data\BraTS2021_slice\test\Ungood\img\01576_92.png,1,0.01729094795882702,0.01729094795882702,0.34857240319252014,4.461297512054443
data\BraTS2021_slice\test\Ungood\img\01578_60.png,1,0.006454738322645426,0.006454738322645426,0.17634446918964386,2.1205332279205322
data\BraTS2021_slice\test\Ungood\img\01578_68.png,1,0.006703872233629227,0.006703872233629227,0.15112954378128052,1.9004998207092285
data\BraTS2021_slice\test\Ungood\img\01578_76.png,1,0.005869538523256779,0.005869538523256779,0.11912527680397034,1.3228727579116821
data\BraTS2021_slice\test\Ungood\img\01578_84.png,1,0.009985918179154396,0.009985918179154396,0.17583706974983215,2.2498104572296143
data\BraTS2021_slice\test\Ungood\img\01578_92.png,1,0.011091617867350578,0.011091617867350578,0.21427038311958313,2.7114346027374268
data\BraTS2021_slice\test\Ungood\img\01581_60.png,1,0.011393810622394085,0.011393810622394085,0.1926729381084442,1.9532369375228882
data\BraTS2021_slice\test\Ungood\img\01581_68.png,1,0.011688192375004292,0.011688192375004292,0.1904435157775879,1.9216957092285156
data\BraTS2021_slice\test\Ungood\img\01581_76.png,1,0.011756835505366325,0.011756835505366325,0.18474619090557098,2.0258095264434814
data\BraTS2021_slice\test\Ungood\img\01581_84.png,1,0.009817367419600487,0.009817367419600487,0.1792406141757965,1.9608738422393799
data\BraTS2021_slice\test\Ungood\img\01581_92.png,1,0.011414716951549053,0.011414716951549053,0.14497517049312592,1.6920676231384277
data\BraTS2021_slice\test\Ungood\img\01582_60.png,1,0.009889955632388592,0.009889955632388592,0.21127653121948242,2.4670779705047607
data\BraTS2021_slice\test\Ungood\img\01582_68.png,1,0.011513502337038517,0.011513502337038517,0.21307605504989624,2.3778979778289795
data\BraTS2021_slice\test\Ungood\img\01582_76.png,1,0.014982359483838081,0.014982359483838081,0.3109581470489502,4.207742691040039
data\BraTS2021_slice\test\Ungood\img\01582_84.png,1,0.014306724071502686,0.014306724071502686,0.30804118514060974,4.377803802490234
data\BraTS2021_slice\test\Ungood\img\01582_92.png,1,0.014932547695934772,0.014932547695934772,0.2392059564590454,3.1649210453033447
data\BraTS2021_slice\test\Ungood\img\01583_60.png,1,0.00619078241288662,0.00619078241288662,0.21662361919879913,2.631452798843384
data\BraTS2021_slice\test\Ungood\img\01583_68.png,1,0.00645011942833662,0.00645011942833662,0.15110228955745697,1.8680481910705566
data\BraTS2021_slice\test\Ungood\img\01583_76.png,1,0.00797110702842474,0.00797110702842474,0.1772274374961853,2.143709659576416
data\BraTS2021_slice\test\Ungood\img\01583_84.png,1,0.010814079083502293,0.010814079083502293,0.230263814330101,2.477307081222534
data\BraTS2021_slice\test\Ungood\img\01583_92.png,1,0.012403208762407303,0.012403208762407303,0.16952988505363464,2.0808181762695312
data\BraTS2021_slice\test\Ungood\img\01584_60.png,1,0.0076583921909332275,0.0076583921909332275,0.20791314542293549,2.4616756439208984
data\BraTS2021_slice\test\Ungood\img\01584_68.png,1,0.005975213833153248,0.005975213833153248,0.1587367057800293,1.7524380683898926
data\BraTS2021_slice\test\Ungood\img\01584_76.png,1,0.006596316583454609,0.006596316583454609,0.1614920198917389,1.8286068439483643
data\BraTS2021_slice\test\Ungood\img\01584_84.png,1,0.0072176493704319,0.0072176493704319,0.17945832014083862,1.9762922525405884
data\BraTS2021_slice\test\Ungood\img\01584_92.png,1,0.0072176493704319,0.0072176493704319,0.1804399937391281,2.154039144515991
data\BraTS2021_slice\test\Ungood\img\01587_60.png,1,0.007739681284874678,0.007739681284874678,0.20902281999588013,2.422781229019165
data\BraTS2021_slice\test\Ungood\img\01587_68.png,1,0.00937957689166069,0.00937957689166069,0.18918508291244507,1.9238393306732178
data\BraTS2021_slice\test\Ungood\img\01587_76.png,1,0.009698254056274891,0.009698254056274891,0.19122949242591858,1.8493105173110962
data\BraTS2021_slice\test\Ungood\img\01587_84.png,1,0.008953671902418137,0.008953671902418137,0.18047505617141724,1.8782671689987183
data\BraTS2021_slice\test\Ungood\img\01587_92.png,1,0.0075997961685061455,0.0075997961685061455,0.15102627873420715,1.6065762042999268
data\BraTS2021_slice\test\Ungood\img\01590_60.png,1,0.005899924784898758,0.005899924784898758,0.14424613118171692,1.7687084674835205
data\BraTS2021_slice\test\Ungood\img\01590_68.png,1,0.008614393882453442,0.008614393882453442,0.1325107365846634,1.5549163818359375
data\BraTS2021_slice\test\Ungood\img\01590_76.png,1,0.015456241555511951,0.015456241555511951,0.21170645952224731,3.06791090965271
data\BraTS2021_slice\test\Ungood\img\01590_84.png,1,0.01490058097988367,0.01490058097988367,0.22581760585308075,3.2815470695495605
data\BraTS2021_slice\test\Ungood\img\01590_92.png,1,0.013264724053442478,0.013264724053442478,0.197603240609169,2.9005942344665527
data\BraTS2021_slice\test\Ungood\img\01593_60.png,1,0.006800970993936062,0.006800970993936062,0.17561443150043488,1.9503940343856812
data\BraTS2021_slice\test\Ungood\img\01593_68.png,1,0.0083151301369071,0.0083151301369071,0.17057830095291138,2.2448935508728027
data\BraTS2021_slice\test\Ungood\img\01593_76.png,1,0.013773946091532707,0.013773946091532707,0.2502303123474121,3.496387481689453
data\BraTS2021_slice\test\Ungood\img\01593_84.png,1,0.015938475728034973,0.015938475728034973,0.3319193720817566,3.9303536415100098
data\BraTS2021_slice\test\Ungood\img\01593_92.png,1,0.01697435788810253,0.01697435788810253,0.31315410137176514,4.081883430480957
data\BraTS2021_slice\test\Ungood\img\01595_60.png,1,0.0076817055232822895,0.0076817055232822895,0.2172837257385254,2.388908863067627
data\BraTS2021_slice\test\Ungood\img\01595_68.png,1,0.012270343489944935,0.012270343489944935,0.2812792956829071,3.444232702255249
data\BraTS2021_slice\test\Ungood\img\01595_76.png,1,0.01707937754690647,0.01707937754690647,0.3132175803184509,3.9314985275268555
data\BraTS2021_slice\test\Ungood\img\01595_84.png,1,0.015146560035645962,0.015146560035645962,0.2991785705089569,3.6391677856445312
data\BraTS2021_slice\test\Ungood\img\01595_92.png,1,0.013181333430111408,0.013181333430111408,0.3118287920951843,4.049393177032471
data\BraTS2021_slice\test\Ungood\img\01596_60.png,1,0.008336607366800308,0.008336607366800308,0.2740287184715271,2.801527976989746
data\BraTS2021_slice\test\Ungood\img\01596_68.png,1,0.007279322016984224,0.007279322016984224,0.2544543743133545,2.8055500984191895
data\BraTS2021_slice\test\Ungood\img\01596_76.png,1,0.009546491317451,0.009546491317451,0.16986523568630219,2.0517756938934326
data\BraTS2021_slice\test\Ungood\img\01596_84.png,1,0.010664223693311214,0.010664223693311214,0.23899675905704498,2.8763272762298584
data\BraTS2021_slice\test\Ungood\img\01596_92.png,1,0.014634189195930958,0.014634189195930958,0.28172969818115234,3.3337008953094482
data\BraTS2021_slice\test\Ungood\img\01597_60.png,1,0.012475084513425827,0.012475084513425827,0.3869602680206299,4.0453901290893555
data\BraTS2021_slice\test\Ungood\img\01597_68.png,1,0.013663153164088726,0.013663153164088726,0.37182626128196716,4.117254257202148
data\BraTS2021_slice\test\Ungood\img\01597_76.png,1,0.013026680797338486,0.013026680797338486,0.40090811252593994,4.5395283699035645
data\BraTS2021_slice\test\Ungood\img\01597_84.png,1,0.0170321986079216,0.0170321986079216,0.45500749349594116,4.9210710525512695
data\BraTS2021_slice\test\Ungood\img\01597_92.png,1,0.015344000421464443,0.015344000421464443,0.44862595200538635,4.91835355758667
data\BraTS2021_slice\test\Ungood\img\01598_60.png,1,0.008586672134697437,0.008586672134697437,0.23364126682281494,2.5341079235076904
data\BraTS2021_slice\test\Ungood\img\01598_68.png,1,0.0072875055484473705,0.0072875055484473705,0.19172227382659912,2.2757115364074707
data\BraTS2021_slice\test\Ungood\img\01598_76.png,1,0.00732421875,0.00732421875,0.20637480914592743,2.4929304122924805
data\BraTS2021_slice\test\Ungood\img\01598_84.png,1,0.006300531327724457,0.006300531327724457,0.17042094469070435,2.040196418762207
data\BraTS2021_slice\test\Ungood\img\01598_92.png,1,0.006224389187991619,0.006224389187991619,0.17196312546730042,2.0857925415039062
data\BraTS2021_slice\test\Ungood\img\01601_60.png,1,0.007050551474094391,0.007050551474094391,0.19240735471248627,2.1791460514068604
data\BraTS2021_slice\test\Ungood\img\01601_68.png,1,0.006827212404459715,0.006827212404459715,0.18108707666397095,2.1824862957000732
data\BraTS2021_slice\test\Ungood\img\01601_76.png,1,0.006591796875,0.006591796875,0.15996968746185303,1.870413064956665
data\BraTS2021_slice\test\Ungood\img\01601_84.png,1,0.006463965866714716,0.006463965866714716,0.16494491696357727,1.8881738185882568
data\BraTS2021_slice\test\Ungood\img\01601_92.png,1,0.006010026205331087,0.006010026205331087,0.12199467420578003,1.3157093524932861
data\BraTS2021_slice\test\Ungood\img\01602_60.png,1,0.014176983386278152,0.014176983386278152,0.2027943730354309,2.2704918384552
data\BraTS2021_slice\test\Ungood\img\01602_68.png,1,0.011557422578334808,0.011557422578334808,0.28401103615760803,2.8906915187835693
data\BraTS2021_slice\test\Ungood\img\01602_76.png,1,0.012323661707341671,0.012323661707341671,0.2780097723007202,3.103656053543091
data\BraTS2021_slice\test\Ungood\img\01602_84.png,1,0.012960165739059448,0.012960165739059448,0.3079373836517334,3.7272720336914062
data\BraTS2021_slice\test\Ungood\img\01602_92.png,1,0.012017572298645973,0.012017572298645973,0.22628973424434662,3.1952874660491943
data\BraTS2021_slice\test\Ungood\img\01603_60.png,1,0.010308980941772461,0.010308980941772461,0.231685072183609,2.4182074069976807
data\BraTS2021_slice\test\Ungood\img\01603_68.png,1,0.007926114834845066,0.007926114834845066,0.16635416448116302,1.8743500709533691
data\BraTS2021_slice\test\Ungood\img\01603_76.png,1,0.008534451946616173,0.008534451946616173,0.15555782616138458,1.7451053857803345
data\BraTS2021_slice\test\Ungood\img\01603_84.png,1,0.009458676911890507,0.009458676911890507,0.1511078029870987,1.7468622922897339
data\BraTS2021_slice\test\Ungood\img\01603_92.png,1,0.00840780045837164,0.00840780045837164,0.12633134424686432,1.5221874713897705
data\BraTS2021_slice\test\Ungood\img\01605_60.png,1,0.008806000463664532,0.008806000463664532,0.2979002594947815,3.309438943862915
data\BraTS2021_slice\test\Ungood\img\01605_68.png,1,0.0073890360072255135,0.0073890360072255135,0.22317369282245636,2.6928467750549316
data\BraTS2021_slice\test\Ungood\img\01605_76.png,1,0.00888349860906601,0.00888349860906601,0.19001837074756622,2.404237985610962
data\BraTS2021_slice\test\Ungood\img\01605_84.png,1,0.010664223693311214,0.010664223693311214,0.20647184550762177,2.71213698387146
data\BraTS2021_slice\test\Ungood\img\01605_92.png,1,0.010997173376381397,0.010997173376381397,0.22249841690063477,2.6681582927703857
data\BraTS2021_slice\test\Ungood\img\01606_60.png,1,0.006761417258530855,0.006761417258530855,0.18279744684696198,2.243575096130371
data\BraTS2021_slice\test\Ungood\img\01606_68.png,1,0.005864459089934826,0.005864459089934826,0.12954488396644592,1.4804984331130981
data\BraTS2021_slice\test\Ungood\img\01606_76.png,1,0.005497231613844633,0.005497231613844633,0.1417149007320404,1.5978200435638428
data\BraTS2021_slice\test\Ungood\img\01606_84.png,1,0.005715185310691595,0.005715185310691595,0.15566466748714447,1.6903702020645142
data\BraTS2021_slice\test\Ungood\img\01606_92.png,1,0.0052076973952353,0.0052076973952353,0.12324745208024979,1.3959834575653076
data\BraTS2021_slice\test\Ungood\img\01608_60.png,1,0.007159608416259289,0.007159608416259289,0.19426432251930237,2.351611375808716
data\BraTS2021_slice\test\Ungood\img\01608_68.png,1,0.009521484375,0.009521484375,0.21200335025787354,2.442841053009033
data\BraTS2021_slice\test\Ungood\img\01608_76.png,1,0.013901016674935818,0.013901016674935818,0.3018352687358856,2.9107489585876465
data\BraTS2021_slice\test\Ungood\img\01608_84.png,1,0.014705292880535126,0.014705292880535126,0.3260993957519531,2.9556288719177246
data\BraTS2021_slice\test\Ungood\img\01608_92.png,1,0.01386882085353136,0.01386882085353136,0.30894607305526733,3.0409672260284424
data\BraTS2021_slice\test\Ungood\img\01609_60.png,1,0.00497352285310626,0.00497352285310626,0.1500900834798813,1.8202159404754639
data\BraTS2021_slice\test\Ungood\img\01609_68.png,1,0.012881743721663952,0.012881743721663952,0.2345869094133377,3.148298501968384
data\BraTS2021_slice\test\Ungood\img\01609_76.png,1,0.01694624312222004,0.01694624312222004,0.3051612377166748,3.571603536605835
data\BraTS2021_slice\test\Ungood\img\01609_84.png,1,0.01608736626803875,0.01608736626803875,0.293580025434494,3.309093713760376
data\BraTS2021_slice\test\Ungood\img\01609_92.png,1,0.01601867564022541,0.01601867564022541,0.2919646203517914,3.5519750118255615
data\BraTS2021_slice\test\Ungood\img\01612_60.png,1,0.007623288780450821,0.007623288780450821,0.2301831692457199,2.684823751449585
data\BraTS2021_slice\test\Ungood\img\01612_68.png,1,0.006034769117832184,0.006034769117832184,0.17815162241458893,2.058753252029419
data\BraTS2021_slice\test\Ungood\img\01612_76.png,1,0.0052076973952353,0.0052076973952353,0.15968793630599976,1.8396923542022705
data\BraTS2021_slice\test\Ungood\img\01612_84.png,1,0.006147304084151983,0.006147304084151983,0.24630533158779144,2.895589828491211
data\BraTS2021_slice\test\Ungood\img\01612_92.png,1,0.005955229979008436,0.005955229979008436,0.1475084125995636,1.7025166749954224
data\BraTS2021_slice\test\Ungood\img\01613_60.png,1,0.007364796474575996,0.007364796474575996,0.22428837418556213,2.7906339168548584
data\BraTS2021_slice\test\Ungood\img\01613_68.png,1,0.007147110067307949,0.007147110067307949,0.17341545224189758,1.952444314956665
data\BraTS2021_slice\test\Ungood\img\01613_76.png,1,0.0075090606696903706,0.0075090606696903706,0.20026452839374542,2.263261079788208
data\BraTS2021_slice\test\Ungood\img\01613_84.png,1,0.00820326991379261,0.00820326991379261,0.19771572947502136,2.2739274501800537
data\BraTS2021_slice\test\Ungood\img\01613_92.png,1,0.005965230520814657,0.005965230520814657,0.15289294719696045,1.7889258861541748
data\BraTS2021_slice\test\Ungood\img\01619_60.png,1,0.009013386443257332,0.009013386443257332,0.2058531790971756,2.290219783782959
data\BraTS2021_slice\test\Ungood\img\01619_68.png,1,0.011026943102478981,0.011026943102478981,0.188436821103096,2.09511137008667
data\BraTS2021_slice\test\Ungood\img\01619_76.png,1,0.011062022298574448,0.011062022298574448,0.183887779712677,2.0759739875793457
data\BraTS2021_slice\test\Ungood\img\01619_84.png,1,0.011606312356889248,0.011606312356889248,0.2012563794851303,2.4673056602478027
data\BraTS2021_slice\test\Ungood\img\01619_92.png,1,0.009154459461569786,0.009154459461569786,0.12530404329299927,1.462499976158142
data\BraTS2021_slice\test\Ungood\img\01621_60.png,1,0.007956137880682945,0.007956137880682945,0.22223451733589172,2.5451736450195312
data\BraTS2021_slice\test\Ungood\img\01621_68.png,1,0.006523627322167158,0.006523627322167158,0.14579755067825317,1.7862129211425781
data\BraTS2021_slice\test\Ungood\img\01621_76.png,1,0.00898689590394497,0.00898689590394497,0.1514246165752411,1.8119639158248901
data\BraTS2021_slice\test\Ungood\img\01621_84.png,1,0.011459015309810638,0.011459015309810638,0.248079314827919,2.8312530517578125
data\BraTS2021_slice\test\Ungood\img\01621_92.png,1,0.011021536774933338,0.011021536774933338,0.24077557027339935,2.931506395339966
data\BraTS2021_slice\test\Ungood\img\01625_60.png,1,0.007642810698598623,0.007642810698598623,0.20562255382537842,2.5156984329223633
data\BraTS2021_slice\test\Ungood\img\01625_68.png,1,0.01075050700455904,0.01075050700455904,0.23305903375148773,2.4919185638427734
data\BraTS2021_slice\test\Ungood\img\01625_76.png,1,0.011351882480084896,0.011351882480084896,0.2364189773797989,2.429661512374878
data\BraTS2021_slice\test\Ungood\img\01625_84.png,1,0.013590982183814049,0.013590982183814049,0.27030378580093384,2.6528985500335693
data\BraTS2021_slice\test\Ungood\img\01625_92.png,1,0.013088305480778217,0.013088305480778217,0.3084717094898224,3.1844992637634277
data\BraTS2021_slice\test\Ungood\img\01627_60.png,1,0.009997849352657795,0.009997849352657795,0.2344588190317154,2.8886096477508545
data\BraTS2021_slice\test\Ungood\img\01627_68.png,1,0.015814585611224174,0.015814585611224174,0.26996147632598877,3.3429524898529053
data\BraTS2021_slice\test\Ungood\img\01627_76.png,1,0.015083465725183487,0.015083465725183487,0.2779097855091095,3.034555435180664
data\BraTS2021_slice\test\Ungood\img\01627_84.png,1,0.016921604052186012,0.016921604052186012,0.2792677879333496,2.6789181232452393
data\BraTS2021_slice\test\Ungood\img\01627_92.png,1,0.016059555113315582,0.016059555113315582,0.2728261947631836,2.6130311489105225
data\BraTS2021_slice\test\Ungood\img\01632_60.png,1,0.01116659864783287,0.01116659864783287,0.2861972451210022,3.501223564147949
data\BraTS2021_slice\test\Ungood\img\01632_68.png,1,0.010418255813419819,0.010418255813419819,0.26633453369140625,3.3575284481048584
data\BraTS2021_slice\test\Ungood\img\01632_76.png,1,0.010639042593538761,0.010639042593538761,0.2418574094772339,3.036478042602539
data\BraTS2021_slice\test\Ungood\img\01632_84.png,1,0.010588500648736954,0.010588500648736954,0.21865591406822205,2.986873149871826
data\BraTS2021_slice\test\Ungood\img\01632_92.png,1,0.009033203125,0.009033203125,0.23942561447620392,3.4927268028259277
data\BraTS2021_slice\test\Ungood\img\01634_60.png,1,0.012849314138293266,0.012849314138293266,0.20201782882213593,1.9945772886276245
data\BraTS2021_slice\test\Ungood\img\01634_68.png,1,0.010959167964756489,0.010959167964756489,0.2298985868692398,2.161940813064575
data\BraTS2021_slice\test\Ungood\img\01634_76.png,1,0.0104153947904706,0.0104153947904706,0.20106540620326996,2.0841848850250244
data\BraTS2021_slice\test\Ungood\img\01634_84.png,1,0.008217789232730865,0.008217789232730865,0.21533924341201782,2.3585903644561768
data\BraTS2021_slice\test\Ungood\img\01634_92.png,1,0.00789597723633051,0.00789597723633051,0.24370038509368896,2.6934714317321777
data\BraTS2021_slice\test\Ungood\img\01636_60.png,1,0.00739709846675396,0.00739709846675396,0.2237389236688614,2.955275535583496
data\BraTS2021_slice\test\Ungood\img\01636_68.png,1,0.008056640625,0.008056640625,0.23213107883930206,3.1285200119018555
data\BraTS2021_slice\test\Ungood\img\01636_76.png,1,0.00889020599424839,0.00889020599424839,0.2500357925891876,3.46520733833313
data\BraTS2021_slice\test\Ungood\img\01636_84.png,1,0.008966976776719093,0.008966976776719093,0.20737305283546448,2.5373916625976562
data\BraTS2021_slice\test\Ungood\img\01636_92.png,1,0.007075867615640163,0.007075867615640163,0.17968592047691345,2.2270376682281494
data\BraTS2021_slice\test\Ungood\img\01639_60.png,1,0.007642810698598623,0.007642810698598623,0.19753970205783844,2.3291189670562744
data\BraTS2021_slice\test\Ungood\img\01639_68.png,1,0.008279211819171906,0.008279211819171906,0.13287892937660217,1.5633344650268555
data\BraTS2021_slice\test\Ungood\img\01639_76.png,1,0.008192364126443863,0.008192364126443863,0.15421466529369354,1.7564446926116943
data\BraTS2021_slice\test\Ungood\img\01639_84.png,1,0.010095738805830479,0.010095738805830479,0.19292986392974854,2.1739022731781006
data\BraTS2021_slice\test\Ungood\img\01639_92.png,1,0.010808566585183144,0.010808566585183144,0.1839292198419571,2.1147072315216064
data\BraTS2021_slice\test\Ungood\img\01640_60.png,1,0.0056258393451571465,0.0056258393451571465,0.24736487865447998,2.4989712238311768
data\BraTS2021_slice\test\Ungood\img\01640_68.png,1,0.006413049530237913,0.006413049530237913,0.26796042919158936,2.979104995727539
data\BraTS2021_slice\test\Ungood\img\01640_76.png,1,0.007267029490321875,0.007267029490321875,0.2337227314710617,2.560391902923584
data\BraTS2021_slice\test\Ungood\img\01640_84.png,1,0.006761417258530855,0.006761417258530855,0.2344273328781128,2.484321117401123
data\BraTS2021_slice\test\Ungood\img\01640_92.png,1,0.008279211819171906,0.008279211819171906,0.2350471317768097,2.4623422622680664
data\BraTS2021_slice\test\Ungood\img\01641_60.png,1,0.007254716008901596,0.007254716008901596,0.24713754653930664,2.5158278942108154
data\BraTS2021_slice\test\Ungood\img\01641_68.png,1,0.007869512774050236,0.007869512774050236,0.19573423266410828,2.2826642990112305
data\BraTS2021_slice\test\Ungood\img\01641_76.png,1,0.008502965793013573,0.008502965793013573,0.17238971590995789,2.1183085441589355
data\BraTS2021_slice\test\Ungood\img\01641_84.png,1,0.010863572359085083,0.010863572359085083,0.19350658357143402,2.414520263671875
data\BraTS2021_slice\test\Ungood\img\01641_92.png,1,0.01192296389490366,0.01192296389490366,0.2238694429397583,2.6861014366149902
data\BraTS2021_slice\test\Ungood\img\01642_60.png,1,0.008217789232730865,0.008217789232730865,0.1887749880552292,2.1957311630249023
data\BraTS2021_slice\test\Ungood\img\01642_68.png,1,0.008382951840758324,0.008382951840758324,0.1702326536178589,1.9746416807174683
data\BraTS2021_slice\test\Ungood\img\01642_76.png,1,0.00976867601275444,0.00976867601275444,0.17627614736557007,2.0141735076904297
data\BraTS2021_slice\test\Ungood\img\01642_84.png,1,0.010978187434375286,0.010978187434375286,0.22326235473155975,2.4399783611297607
data\BraTS2021_slice\test\Ungood\img\01642_92.png,1,0.01023936364799738,0.01023936364799738,0.16479803621768951,2.0712573528289795
data\BraTS2021_slice\test\Ungood\img\01645_60.png,1,0.0067878118716180325,0.0067878118716180325,0.17177517712116241,1.8709038496017456
data\BraTS2021_slice\test\Ungood\img\01645_68.png,1,0.007489190436899662,0.007489190436899662,0.14541150629520416,1.6144670248031616
data\BraTS2021_slice\test\Ungood\img\01645_76.png,1,0.0062339575961232185,0.0062339575961232185,0.15407180786132812,1.5740629434585571
data\BraTS2021_slice\test\Ungood\img\01645_84.png,1,0.006342959590256214,0.006342959590256214,0.1699577271938324,1.8120349645614624
data\BraTS2021_slice\test\Ungood\img\01645_92.png,1,0.006573687307536602,0.006573687307536602,0.16974471509456635,1.862174153327942
data\BraTS2021_slice\test\Ungood\img\01646_60.png,1,0.009235488250851631,0.009235488250851631,0.3504601716995239,3.3658204078674316
data\BraTS2021_slice\test\Ungood\img\01646_68.png,1,0.007588022388517857,0.007588022388517857,0.22152619063854218,2.4336161613464355
data\BraTS2021_slice\test\Ungood\img\01646_76.png,1,0.007708814926445484,0.007708814926445484,0.21397723257541656,2.4490127563476562
data\BraTS2021_slice\test\Ungood\img\01646_84.png,1,0.0062339575961232185,0.0062339575961232185,0.2126956731081009,2.4810104370117188
data\BraTS2021_slice\test\Ungood\img\01646_92.png,1,0.0069053396582603455,0.0069053396582603455,0.23223347961902618,2.5726611614227295
data\BraTS2021_slice\test\Ungood\img\01647_60.png,1,0.010131100192666054,0.010131100192666054,0.3415969908237457,3.259810209274292
data\BraTS2021_slice\test\Ungood\img\01647_68.png,1,0.006677145604044199,0.006677145604044199,0.2375255823135376,2.5755250453948975
data\BraTS2021_slice\test\Ungood\img\01647_76.png,1,0.00743327010422945,0.00743327010422945,0.20198287069797516,2.4270687103271484
data\BraTS2021_slice\test\Ungood\img\01647_84.png,1,0.006118146702647209,0.006118146702647209,0.24952343106269836,2.665773391723633
data\BraTS2021_slice\test\Ungood\img\01647_92.png,1,0.006399093195796013,0.006399093195796013,0.24238349497318268,2.6162304878234863
data\BraTS2021_slice\test\Ungood\img\01648_60.png,1,0.008023279719054699,0.008023279719054699,0.23517034947872162,2.411428451538086
data\BraTS2021_slice\test\Ungood\img\01648_68.png,1,0.008443172089755535,0.008443172089755535,0.1918969452381134,2.112889051437378
data\BraTS2021_slice\test\Ungood\img\01648_76.png,1,0.007846756838262081,0.007846756838262081,0.18834805488586426,2.0346033573150635
data\BraTS2021_slice\test\Ungood\img\01648_84.png,1,0.008930342271924019,0.008930342271924019,0.21978427469730377,2.237377405166626
data\BraTS2021_slice\test\Ungood\img\01648_92.png,1,0.009436596184968948,0.009436596184968948,0.16889670491218567,1.7328613996505737
data\BraTS2021_slice\test\Ungood\img\01650_60.png,1,0.0075407447293400764,0.0075407447293400764,0.23341213166713715,2.423943519592285
data\BraTS2021_slice\test\Ungood\img\01650_68.png,1,0.006519057787954807,0.006519057787954807,0.17991884052753448,2.007471799850464
data\BraTS2021_slice\test\Ungood\img\01650_76.png,1,0.00630525965243578,0.00630525965243578,0.1628560870885849,1.923344612121582
data\BraTS2021_slice\test\Ungood\img\01650_84.png,1,0.005572613328695297,0.005572613328695297,0.19526541233062744,2.2799859046936035
data\BraTS2021_slice\test\Ungood\img\01650_92.png,1,0.006468574982136488,0.006468574982136488,0.17644472420215607,1.914665937423706
data\BraTS2021_slice\test\Ungood\img\01653_60.png,1,0.009449220262467861,0.009449220262467861,0.3213752210140228,3.590874671936035
data\BraTS2021_slice\test\Ungood\img\01653_68.png,1,0.007465275935828686,0.007465275935828686,0.21261544525623322,2.5852062702178955
data\BraTS2021_slice\test\Ungood\img\01653_76.png,1,0.007037858944386244,0.007037858944386244,0.17728273570537567,1.9959161281585693
data\BraTS2021_slice\test\Ungood\img\01653_84.png,1,0.006654791533946991,0.006654791533946991,0.16389964520931244,1.7831605672836304
data\BraTS2021_slice\test\Ungood\img\01653_92.png,1,0.008604008704423904,0.008604008704423904,0.14932072162628174,1.6617668867111206
data\BraTS2021_slice\test\Ungood\img\01654_60.png,1,0.011837673373520374,0.011837673373520374,0.26406508684158325,2.8405838012695312
data\BraTS2021_slice\test\Ungood\img\01654_68.png,1,0.010375258512794971,0.010375258512794971,0.27268916368484497,2.8307271003723145
data\BraTS2021_slice\test\Ungood\img\01654_76.png,1,0.011536775156855583,0.011536775156855583,0.25687745213508606,2.614997148513794
data\BraTS2021_slice\test\Ungood\img\01654_84.png,1,0.008628221228718758,0.008628221228718758,0.21576276421546936,2.418895959854126
data\BraTS2021_slice\test\Ungood\img\01654_92.png,1,0.008155904710292816,0.008155904710292816,0.1864127367734909,2.3648152351379395
data\BraTS2021_slice\test\Ungood\img\01655_60.png,1,0.00830078125,0.00830078125,0.2723504304885864,3.003615379333496
data\BraTS2021_slice\test\Ungood\img\01655_68.png,1,0.01040680706501007,0.01040680706501007,0.2630651891231537,2.9165537357330322
data\BraTS2021_slice\test\Ungood\img\01655_76.png,1,0.010655836202204227,0.010655836202204227,0.2665387690067291,2.9561104774475098
data\BraTS2021_slice\test\Ungood\img\01655_84.png,1,0.012429611757397652,0.012429611757397652,0.3064339756965637,3.2848756313323975
data\BraTS2021_slice\test\Ungood\img\01655_92.png,1,0.011802375316619873,0.011802375316619873,0.2858453094959259,3.3215973377227783
data\BraTS2021_slice\test\Ungood\img\01657_60.png,1,0.016545819118618965,0.016545819118618965,0.2721540629863739,3.2268972396850586
data\BraTS2021_slice\test\Ungood\img\01657_68.png,1,0.014560691080987453,0.014560691080987453,0.23936432600021362,2.8259336948394775
data\BraTS2021_slice\test\Ungood\img\01657_76.png,1,0.014908579178154469,0.014908579178154469,0.26520106196403503,3.111917495727539
data\BraTS2021_slice\test\Ungood\img\01657_84.png,1,0.013778272084891796,0.013778272084891796,0.21960203349590302,2.6283462047576904
data\BraTS2021_slice\test\Ungood\img\01657_92.png,1,0.014626041054725647,0.014626041054725647,0.23264354467391968,2.871683120727539
data\BraTS2021_slice\test\Ungood\img\01658_60.png,1,0.007163770031183958,0.007163770031183958,0.2436017096042633,2.936326742172241
data\BraTS2021_slice\test\Ungood\img\01658_68.png,1,0.005777421873062849,0.005777421873062849,0.19304203987121582,2.4362804889678955
data\BraTS2021_slice\test\Ungood\img\01658_76.png,1,0.005803156178444624,0.005803156178444624,0.1484309434890747,1.8769426345825195
data\BraTS2021_slice\test\Ungood\img\01658_84.png,1,0.006014982704073191,0.006014982704073191,0.2233639359474182,3.006572961807251
data\BraTS2021_slice\test\Ungood\img\01658_92.png,1,0.00569428876042366,0.00569428876042366,0.18615186214447021,2.5459823608398438
data\BraTS2021_slice\test\Ungood\img\01659_60.png,1,0.00898689590394497,0.00898689590394497,0.2884574234485626,3.0335443019866943
data\BraTS2021_slice\test\Ungood\img\01659_68.png,1,0.009203162975609303,0.009203162975609303,0.2544712424278259,2.752690315246582
data\BraTS2021_slice\test\Ungood\img\01659_76.png,1,0.009138167835772038,0.009138167835772038,0.2047107219696045,2.3278756141662598
data\BraTS2021_slice\test\Ungood\img\01659_84.png,1,0.008108262903988361,0.008108262903988361,0.215097114443779,2.4351327419281006
data\BraTS2021_slice\test\Ungood\img\01659_92.png,1,0.007724263705313206,0.007724263705313206,0.20968569815158844,2.469240427017212
data\BraTS2021_slice\test\Ungood\img\01661_60.png,1,0.007724263705313206,0.007724263705313206,0.2411995679140091,2.656733512878418
data\BraTS2021_slice\test\Ungood\img\01661_68.png,1,0.006918275263160467,0.006918275263160467,0.21665970981121063,2.8832290172576904
data\BraTS2021_slice\test\Ungood\img\01661_76.png,1,0.007303845137357712,0.007303845137357712,0.19752690196037292,2.614140510559082
data\BraTS2021_slice\test\Ungood\img\01661_84.png,1,0.008806000463664532,0.008806000463664532,0.19017091393470764,2.5275959968566895
data\BraTS2021_slice\test\Ungood\img\01661_92.png,1,0.006560072768479586,0.006560072768479586,0.20228099822998047,2.5667178630828857
data\BraTS2021_slice\test\Ungood\img\01664_60.png,1,0.006445497274398804,0.006445497274398804,0.197214737534523,2.3147339820861816
data\BraTS2021_slice\test\Ungood\img\01664_68.png,1,0.014868545345962048,0.014868545345962048,0.22093410789966583,2.884397506713867
data\BraTS2021_slice\test\Ungood\img\01664_76.png,1,0.017145557329058647,0.017145557329058647,0.31821924448013306,3.4661548137664795
data\BraTS2021_slice\test\Ungood\img\01664_84.png,1,0.018039993941783905,0.018039993941783905,0.34542611241340637,3.152254581451416
data\BraTS2021_slice\test\Ungood\img\01664_92.png,1,0.018711432814598083,0.018711432814598083,0.3091903328895569,2.6671805381774902
data\BraTS2021_slice\test\Ungood\img\01665_60.png,1,0.011404268443584442,0.011404268443584442,0.20802941918373108,2.385056734085083
data\BraTS2021_slice\test\Ungood\img\01665_68.png,1,0.012638846412301064,0.012638846412301064,0.24576514959335327,2.6189286708831787
data\BraTS2021_slice\test\Ungood\img\01665_76.png,1,0.013780435547232628,0.013780435547232628,0.22915653884410858,2.658935546875
data\BraTS2021_slice\test\Ungood\img\01665_84.png,1,0.01345434132963419,0.01345434132963419,0.23169143497943878,3.0796022415161133
data\BraTS2021_slice\test\Ungood\img\01665_92.png,1,0.010761590674519539,0.010761590674519539,0.18272148072719574,2.5133700370788574
data\BraTS2021_slice\test\Ungood\img\01666_60.png,1,0.006371087860316038,0.006371087860316038,0.3039185404777527,3.179398775100708
data\BraTS2021_slice\test\Ungood\img\01666_68.png,1,0.007401125971227884,0.007401125971227884,0.17520882189273834,2.016038417816162
data\BraTS2021_slice\test\Ungood\img\01666_76.png,1,0.006510523613542318,0.006510523613542318,0.15154194831848145,1.7080775499343872
data\BraTS2021_slice\test\Ungood\img\01666_84.png,1,0.006803738418966532,0.006803738418966532,0.14481984078884125,1.6107250452041626
data\BraTS2021_slice\test\Ungood\img\01666_92.png,1,0.007362940814346075,0.007362940814346075,0.16067956387996674,1.8408578634262085
